1
100 28 10
-0.44481829723101873
-0.09780965986204439
-0.8561413629238365
-0.5202112559971004
-0.9797899967551659
0.38389710980354097
0.16804014978096407
-1.1226318645633229
-0.06846485085018847
-0.7896150352685128
0.7398090489234475
-0.6855699411207845
-0.41703063186555417
0.11975207285114794
-0.3166515270215012
0.08190719512868992
-0.9932870959844581
-0.037443938882572116
1.1932445885727605
0.27607093653834225
-0.4593733344790435
-0.9009865066540035
-0.9426608196815066
-1.2780246806692588
-0.3513014389986842
-1.2461423809871626
-0.8342232917165084
-1.1865831038146792
0.006993369081256972
-0.011924613389792785
0.28649503776832635
-0.05183580355561975
-0.16241324408065594
0.4284793028195813
0.45056638008707517
0.31117517389956667
0.2682738714135296
0.11122461075294189
0.3697233566006688
-0.316015385351008
-0.47574763169649087
0.13745970426238868
-0.134866425864666
0.3652111794765429
0.36553449450702896
-0.42323966935838037
-0.4278169656679821
-0.06194331938013443
0.2688996049608778
0.47826193426049035
0.40567028247255743
0.007369604932164786
-0.00994129467213997
0.4169930729444266
0.2636767059034925
0.1058737815295353
-0.07885827026755096
-0.3003243355081286
0.21707605141052344
0.1368029203200722
0.14724529257610813
0.49499695812873334
-0.28436053350064544
-0.20301477250956187
-0.013235504966447594
0.20644249274722978
-0.21441544750807648
0.04752162258271232
-0.48486450028426625
-0.24594219097970663
-0.4343163919846475
0.1959384606367616
0.46947638322201973
0.42565445685010284
0.05128346544672574
0.3486568104816965
-0.2438316950422702
-0.2497270414284438
0.3636658233253575
0.12079543291036082
-0.43275584782369836
0.20130256338438463
0.4495651690380524
0.2026659133893673
0.29150263547070027
0.23145099385306847
-0.4778024657006761
0.08504531721184175
-0.19817353223970682
-0.24335998363089054
0.4799774921998427
0.35228459403806756
-0.22261263244588692
-0.28620738648391936
0.4162141397039128
-0.1715982455961502
0.17041067449178854
0.2672297654125309
-0.4863096698169905
-0.4017251827419141
0.20281032732260798
-0.3507694868777179
-0.3327081697052135
-0.21097796028225094
-0.13736926710902075
-0.21462515178313174
0.17026107007584204
-0.08040247844450646
-0.2773057363429369
-0.26175184638198
0.12665339607772214
0.33354958612800734
0.021411127653651784
0.3893154644528152
0.13883648470490814
0.254017532717828
-0.3351004007332003
0.290853611633367
-0.14766022540716717
-0.1698569738225292
-0.3164040922040134
0.25215786758203007
-0.3956310502884648
-0.4421045292552696
0.19466328817644146
-0.29527110265255263
-0.3783949931782127
0.09821399217200646
0.4544416715670285
0.6578125143044397
-0.06696149913174879
0.42789273369127057
-0.30309214132432283
-0.32631275208674104
-0.04254588565742019
-0.13861442516419736
0.1728635049440053
-0.3449021760095857
0.31608139830037063
0.4173387947486816
-0.006357878708526072
0.5128097623983322
-0.5050147855156707
0.07165801850962182
0.42655402401980647
0.2954504028288794
0.009604673186286937
0.03539584420941401
0.13601470460947182
0.005021913834922822
0.02120624044551874
0.18495987154304908
0.19578599631711213
0.060849224209270775
0.01437609175815752
-0.19377949851652793
0.18468027259476893
0.3233727617528808
0.2814000629210594
0.14501260007121852
-0.37388647102710443
-0.18191717179045394
0.3325553546849014
0.20172303390931423
-0.37681878892469683
-0.21230632202475463
0.22301303478863507
-0.1724077052564108
0.900384510715716
-0.14815181984795003
0.3541864416084836
0.23325364618543049
-0.31435223071949475
-0.36575377192771924
0.23545691714125977
0.2348629264812116
0.4200251799984819
-0.29332170747185726
-0.4459709141489763
0.21582602230998013
0.29777618692701213
0.2004739862297817
0.16852939146228432
-0.13839373016184917
0.6110079965694581
0.9052610719201194
0.6261475588231916
0.4719506381004533
0.2367674982279639
0.32366718022733976
-0.1671875388089115
0.05214888773317772
-0.14793900201392599
0.10174785232553078
-0.5486667588502528
0.13125790571977847
0.6476094984191043
0.3337009459377122
-0.4788508647429863
0.1348817015892959
0.3507591127313905
0.2467294307706418
0.43901824885861657
0.11282604448988712
0.42017158507168584
0.40145830697525503
0.2800967965093701
-0.22153467724357417
-0.08057740537535184
-0.19502587787937584
0.38130348491517946
0.13243974733292568
0.5793450045191676
0.7694777591825684
0.5630971430517971
0.6351895312958974
0.33072979477872955
0.1925071623635713
0.2653219803574921
-0.29038559753340726
-0.7488514508307346
0.239181531045115
0.16373648102484398
0.10392272936676965
-0.1397952707722038
0.13248270463328843
-0.5001680226259948
0.5095018484536156
0.3721595148668411
0.1767134637456941
0.0641665384635932
-0.15073363772797096
-0.28918101392077206
0.30634253443240067
0.34631164464420855
0.39194485250761024
-0.41986265734746486
0.25321146976060815
-0.08787682535722958
-0.2753706756004743
-0.2862733792776863
-0.09389348491595265
-0.2043541905480931
0.1540040729006599
0.3923185314293584
-0.06735178708506633
-0.2224550714328981
-0.36866486336547344
-0.1849997073802858
-0.39501988661897364
-0.42978587169905125
0.2745806971527473
0.16179174664933138
-0.48791375203005727
-0.08303272180023114
-0.07992911149233214
-0.09819494306686634
0.09927825063622102
0.4641177393642287
0.48091468924031316
0.20287234648175018
-0.3723324078966237
-0.14665540293385496
0.236555858008151
-0.481645393430182
-0.33498278074156024
-0.2662638423073728
-0.1284058697411835
-0.27494461751104216
-0.04489451603260581
0.3916026734381347
-0.0061963429608543055
0.22328380127449826
0.38680152670914186
0.4803242647402398
-0.2742001702970568
-0.06712607708964849
-0.057527754001304554
0.43982551569208367
-0.10600223951876493
-0.07352878752725399
-0.3394622881259543
-0.3852470616361781
0.07171825652055978
-0.2633639609118138
-0.21324239912987425
0.0547777341628725
-0.21513827342173844
0.25887862173925896
0.14528885582254206
-0.46779159673680726
0.19332462213659457
-0.11098431671304104
0.2615894819924724
-0.40484845593669977
0.10359612271970524
0.13933752577382494
-0.3778900113140922
-0.2616466625643446
-0.04975275542362526
-0.3708194061253038
0.44768090339223315
0.20168100273318937
0.32751540767123893
-0.1990703904679143
0.41966749115438207
-0.2947213279014332
0.1213575623259963
-0.3969194077591459
-0.05214070729264006
0.34454736744294073
-0.3645435729675457
-0.14080443107308027
0.4243932204553571
-0.3860685772611619
0.29738789021638745
-0.03319347290344843
-0.3609447348213927
0.406329248817205
0.40702551963640055
0.15300352899628064
-0.3266273110168057
-0.20786985259781857
-0.004361077470033721
0.4623733570724295
0.2644063967688892
0.2266250968317123
0.47882331695741526
0.3421949603633902
0.0585772991955235
-0.11248756170875611
-0.016157151299741657
-0.3770617344186298
0.42712467857507586
-0.24303097839310905
0.11632420899359344
-0.4630061232640911
-0.2711316777694347
0.1043805025010216
0.10591722244832494
0.2841534096993686
-0.2857150701352329
0.14485044755843052
0.1774492271261007
0.46405445309059284
0.46031026063970676
0.15634243635496683
-0.22827609164824159
0.25052817020196705
-0.2430392456588166
-0.047903751413502414
0.005593926067183645
0.02243481827680124
-0.3800529913038886
0.4892668629223453
-0.38439045895864243
0.3738782132153454
-0.12792809517469544
0.3364435570140408
0.05094142323679364
-0.4043595275549989
-0.226360374916524
0.07979469090170956
0.09306848614567839
0.29948387720371505
0.2523802933694014
-0.5532263956021254
0.3981503003446122
-0.12625638028375327
0.48960631719001113
-1.0684667932953797
0.23989943502687283
0.10402114758715884
0.0740682544629104
-0.2978328474400947
-0.29696150137966276
0.6990215976888929
-0.3306950561220698
0.5082876871985793
-0.17632769668286447
0.7607551150993498
0.36091759850460914
0.5181261272167849
0.19895443380776423
0.5411207675397728
0.2413358982968507
0.5112845207361393
0.845083102732294
0.026591004208528432
0.5777523031460791
0.1479673474752512
0.5272862405053509
-0.4034053165753865
-0.4998678302180521
-1.0954086855024334
0.3689763469102347
0.46526939031859
1.1416233151141149
-1.3848626746759989
-0.16509039641574158
-1.1549378525106444
0.3534087383333086
-0.94028970739099
0.03547205916343298
-0.2461622416211639
-0.7302607714720538
0.6929171165833159
-0.776915090203222
0.9058982194305308
0.785981073894194
0.30803116082043464
-0.36192170693436604
-0.27583555245003555
0.7929588717035584
0.9580766074853014
0.7947386122922545
0.10358300943554388
0.8232600881250502
0.5041912427858452
0.11433006943914509
-0.5094330104283562
-0.7383815044395738
-0.6221117923482745
0.268379969401545
1.021029091461397
0.16958050529236424
-0.5779903209163073
-0.5119931405370095
-0.9235637109317972
-0.026004445202391632
-1.4175036716898315
0.03970246958694256
-0.5007421787661311
-1.567229198540049
-0.1384566931192687
-0.17143199253772318
0.8853129814408154
0.6981707225729363
-0.32202046676756
-0.1963090862947022
0.4529900824818756
0.7695613789925918
0.41525975638496754
0.7916058204869793
-0.19982108454445735
0.8814365819390951
1.15586520701561
0.6348420192103896
-1.2231011527056188
-0.39520723715818434
-0.5443892972593032
0.3179370388900626
0.7935835499575125
-0.25396340971464904
-0.7637410126453239
-0.5587553236192143
-0.38840252043012785
-0.8218888952535242
-1.857250633579281
-0.6792813977998166
-1.1446799529567653
-1.432344273934502
-0.5099606946935258
-0.1676240238979105
0.9047383561007627
1.0337638896106889
-0.7773868978639524
0.2921140773822375
0.4111253917573315
0.2559373254381305
1.3675744974619353
0.83170145058742
-0.030706525490037644
-0.18261117267985455
1.669728721120742
0.9201870559400206
-0.006547537344151042
0.6740747133025091
0.027931712594804148
0.020208464077698596
-0.1405724373373419
-0.27933680670831285
-0.029376155603517903
0.06771423139391694
-1.4742360081786694
-0.7664585677453547
-1.36635517391122
-0.5335515470098126
-0.6692016495145269
-0.32621928602248923
-0.5111280982724219
-0.3009741516608136
0.9480985270625117
0.8782442764075682
-0.3413313019355827
0.3321187880006168
0.788997355234675
-0.5945494858257204
1.6727856642697598
-0.7924627724047227
0.060595739785209914
-0.27800036651709686
0.7775603246621116
0.7339544878602843
0.3968660189092967
0.9630517480952758
0.3552786924280447
-0.006112519133360125
-0.4539210813993938
-0.5605980346123425
0.7802081102538558
-0.2615761770388649
-0.5282375186378179
-0.37690281446890056
-0.4314477860543853
-0.7488030849284886
0.1002556952250681
0.20641570694725353
-0.44761290662832054
-0.08324172521266382
-0.1156585663049602
0.8273816779339328
0.6219302653811916
0.4736157548014508
1.0338518362113538
-0.5837162331909796
1.0579416083872029
-0.4565419939182014
-0.05666739940882422
-1.3330692524567156
-0.07883096297482597
0.10103862376674222
-0.08848468681942974
-0.024691401336912777
0.10269609597522268
0.11747596262544788
0.34868315089006585
-0.1614693206981988
0.6759910674201849
0.1999508647943251
0.23461998659848307
-0.06024784024949738
0.24555895097139882
-0.384605921235602
-0.11457359369002514
0.6184680535888657
0.15873249549833893
0.2829002884107053
0.05240397244650799
-0.15559906209420787
-0.17014922455919004
0.0894159899553085
0.6116596039850516
-0.4404002085731761
0.15877076121617845
-0.1148186167267945
0.037079999202926435
-0.647438227020572
-0.09832774025569711
-0.03602531938951025
0.4009529402920058
-0.3661238607473515
-0.19191844647746686
0.3941964700043784
-0.01882994612248786
-0.26866236241958463
0.1424193512571711
0.034910603370915345
-0.4806034845136587
-0.44072197133468993
-0.20357235218509664
-0.025940718321753552
-0.3731608299057768
0.1623448278585239
0.4695976132588634
0.05992976874797189
0.0536716932872277
-0.144074800991687
-0.2573889782295132
0.28511105044291685
0.2875905562060551
-0.2597272272499114
0.30715892709570647
0.15303665844457565
-0.07852187174511975
0.4699645678587203
0.036647691957531356
-0.023358221918089526
0.26017315759089127
0.22898516333542523
-0.09493413531734765
-0.17332526577070095
0.3239027761656096
-0.3790056611412406
0.40737439076049997
0.3049161633756951
-0.4389635121962814
0.1571525973858489
-0.11759884808871159
0.09106778883993265
-0.04591008579608492
-0.13153072965117818
0.05236690631558876
0.3630165345651252
0.07398757518785962
-0.07981986031194362
0.09471578089842149
-0.3342807016058688
-0.3338148494166386
0.3603135719532849
0.1469186104295698
0.3404585237297735
0.4063348802530325
0.2880191526174097
-0.04289286697295072
-0.15575162175961288
0.5143771096549439
0.18832815617791548
-0.10813358032548744
0.4696203604058893
-0.4021704752220534
0.6424318037107685
-0.9490006432470764
0.1737427405250716
-0.20129378351602145
0.5599236958860474
-0.15128286318405212
-0.32098745893847563
-0.47441205076228343
0.2573879276549761
0.0685089049704482
0.2696387681003124
-0.0014129809021451692
-0.43655373030546274
0.10730540765183845
-0.47993307360412446
0.4710865223925443
0.3784674213152449
-0.16509697745063567
1.2604548666289017
0.5040059313788482
-0.4219480135003004
-0.4788780630576937
0.36900257930717695
0.1118154823848787
0.12376593047520049
0.09205195357192114
0.3138854942046305
-0.3110779807195657
1.8346048177080176
-1.3549363696229217
0.5208464354097662
-0.42147995909052466
-0.12006815630821102
-0.014470882895987735
0.305255214867884
-0.6925626224043405
0.0942386845564518
1.0749897993147786
0.23492345460216427
-0.8185799242642668
-0.699184911954387
0.9031791988792541
-0.8805283897889911
-0.406940842899804
-0.326804731040637
0.8712044721924381
0.5235427827026631
1.210132532914966
0.30179075809926165
0.17146819638524524
0.5889356161177036
-0.016121679719801267
-0.8464654158841594
-0.2892541144172624
-0.1407496305864865
0.05167224163792086
1.5083572212421221
-0.8279133321865648
-0.017161030548537265
-2.076850880497831
-0.17330115955693304
-0.685902046201206
0.8340692683525202
-1.3002957755032862
0.6269567344584998
1.3806740549101446
1.117568635615816
-1.4132825566703273
-0.8777216297989231
0.44333636932953635
-0.5957899633162547
-0.661848516821847
0.2560794858437335
-0.33411148797987145
-0.43272741699085066
0.39109074136499594
1.1858646288321832
0.6367446147305547
-0.5895700895571122
-0.5283132932643197
-0.6867872665149553
-0.46423891270517087
0.04025667829465784
-0.13194124997098
-0.2441144321788048
-0.9697031432999079
-0.3305784631169166
-1.7371628143406324
0.067068012528362
-0.04648139146985228
-0.06019904722295389
-0.25500856816154405
-0.08348034125000016
1.0979168423686385
0.9898306633477179
-0.906061808356273
-0.8721980382344612
0.22319259305983627
-0.7885114025997706
0.048938208511958806
1.489085062351087
-0.9542124351597023
-0.2242506169631167
-0.2964260491073636
1.1340319646698385
0.36762404837823603
-0.7273928059675766
-0.7290335927036073
-1.2745659610714535
-1.0045283801783604
1.416516571467443
-0.005962502131297953
-0.27958073716827636
-0.721654763104657
0.04581678733858635
-0.591826100246031
-0.31073630768312877
-1.1823704288784755
-0.12386068003699675
0.2644838420580535
-0.40231154654524515
1.339257854748607
1.5698412492419591
-0.467168029162077
-2.1610195827704035
-0.7302414196998209
0.09582364140053166
-0.20039990239621444
2.2464859703083184
-2.2229088942034236
0.15807509673652678
-1.212507308386887
2.6539408845459325
0.5399630107366613
-0.9783165268867995
-1.586606034516777
-0.5757403667666455
1.0541320559886587
-0.2034995461212601
-0.371224999626261
0.40122912857951665
-0.11957143314012707
-0.3395799019862478
-0.5835297594645958
0.3254661419807424
-0.7222036234373296
-0.41293107814543617
-0.7131824354682746
0.9341141516991166
1.2875056315505682
1.9622955850460597
-0.13505863945949095
-2.0361597705546224
-1.6651578096835524
0.20006714237080783
-0.24853406383665871
1.558964572647747
-0.3938472163902902
0.09708019817213782
0.7138984078391918
1.0273637589715565
0.3507616388502609
-0.4631933147830081
-1.0563955386665906
0.3556767828990652
0.7264614975231046
-0.7806171112978841
-0.5430451709527623
0.29202337446927207
0.3127021653174979
-0.2271299058195548
0.008670329489206614
0.5310503165804444
0.050221563306645525
-0.39427011741506524
-0.4380617264698043
0.7421061579418153
0.7955377389318775
1.0466711707605374
-0.5815708851752639
-1.099068422400486
-1.1530849202617326
-0.35861470544482765
-0.2965477025224859
0.7902312723634061
0.49143015841036675
-1.2031623512283878
0.6255140320073244
-0.6229590476305037
1.0799233796455778
0.250590047490197
-0.31033153457849966
1.4065126488184685
-0.30787973390327616
0.009650395898627727
-0.16794003606124042
0.5359492934183204
1.1262001344829657
-0.45737063777043757
-0.12028888853243466
-0.15908567152822536
-0.036432424012187305
0.11153887578567157
-0.8539100116589365
1.1400534835912604
0.32533585243768354
0.31540933613372124
-1.6519146874754094
0.27985027846224725
1.0012139355638843
0.7316189713772385
-0.6640146377864802
-0.770563781255721
1.0352172051347015
-1.809103992613491
-0.43234427132337555
-1.2473221009901807
1.8948470309877055
0.15979085919203448
0.12206479484908678
-0.2574428067371978
0.05319596389840181
0.4013134709701729
0.3546269203862158
0.333251018644618
0.43677945905666093
0.1677875384474635
0.39268551723420947
-0.30668321820915123
-0.02367641694981942
-0.41176091272005894
-0.13875796300971263
0.49063450935144975
0.15082024038527608
0.4348342755183671
-0.39573300622923563
-0.10984959557794775
-0.2207250599038055
-0.05631411070737495
-0.34678241279733385
0.014797465241609308
0.07027790948991844
0.3376907628664203
0.20370395276054976
-0.4878612186514559
0.23303905066616445
-0.07768490234708744
0.17717005336861205
0.11134984861917244
-0.06262355633234845
0.39414172597468944
0.2639637100585818
-0.11750466913500984
-0.4944559865628189
0.115359388495741
0.4064648294816766
0.12774137652702192
-0.2647337927672932
-0.37844943148118987
0.0501281783304062
0.4529755673566843
0.5799678274162203
0.4022331002960176
-0.15594607951679146
-0.045493623519338645
0.1885225578122209
0.003872635174422501
-0.22822535654290788
-0.22477485924865745
0.34948312626538874
-0.18863598824544633
-0.20930133213178126
0.2596157453648207
0.23821211731006103
0.4293177993416499
0.7970401271444605
0.06483845706773483
0.2726090564324853
0.2685479226261587
-0.5067903567991938
0.822352845723087
-0.6996608966256713
0.7337280876250033
0.16437699286309676
-0.0764453927826711
0.1648771217909656
0.13890206101862526
-0.9465338221542382
0.2326462396825892
0.6358058300052408
0.5008799336790022
-0.19789817790209294
-0.17455998718792026
-0.40122891716553855
0.154153677092132
0.19091761787404016
0.3939686846707936
-0.011112297123173562
0.03560010751097252
0.17848130373966228
-0.042986334875002946
0.23128730623282492
0.32533651653398593
1.0118560817078586
-0.3016166185448977
0.17037846479920393
-0.2792026630936419
0.418457414849017
0.8015417392462206
1.0961819247899376
0.2575110410457293
-1.0091652225969046
-0.9247246663673865
-0.18859067720291375
0.26554268398417913
-1.1312431057444468
1.113637982468909
-0.042296723382484504
0.5434968541699294
-1.6405332226961655
-0.7010390667558855
0.9927070175037516
-0.15233022247295075
-1.0663346296851863
0.11043321604721637
-1.1551121648005136
-1.2141106858913877
0.4159173689146488
-0.29990609164506904
0.15087434891607257
0.013640757004242637
0.6277698336429646
1.0086146273254848
0.5486932250739234
0.06777431969058449
1.348020032797139
-0.37290364740775345
2.170710231435176
0.5213649355792326
-1.7183825174404308
-0.8827632943500132
0.19309607334907802
-0.08125565479533861
-0.4317841978836809
1.5270956806451859
0.213442657346718
0.523460549894453
-2.0893989668932043
-0.881036398184833
1.1923105446143294
-0.4861381995676822
-0.5001819922811132
0.36178639727421485
-1.3139110165946548
-1.8630809275329845
0.4169422797252935
-0.3097354357075953
0.19609262473469136
-0.1697411814608992
-0.07745268286870198
1.4255472906829254
0.20457510228428227
0.4028597855979167
-0.06556911541195906
-1.137913092995299
1.2579036134209167
0.4393794210534202
-0.3449801201301187
-0.6755583229947487
0.48174960223937807
-0.8904307219764325
-1.1265362456806054
0.26921386127792796
0.33760416022561757
1.3327577232822396
-1.345574985245904
-0.7692902897917371
1.1606422883786525
-0.3765321686074511
-0.24290297924943327
0.4133259600673186
-1.3553812107813268
0.2305770176380879
-1.932190778046469
-0.35200491950118395
-0.170215248743627
-0.09446217493676044
-0.5809570293392766
-1.871266131247133
-1.2399609786228913
1.0861061812079411
-1.8756029830918235
-0.27950714185847114
-1.891644693987578
0.6940429904881573
2.637289554311828
0.7530507877715636
1.6148990666972058
-0.6127227421311691
-2.090802992135322
-0.24876841273373407
1.3914519973708726
1.5911837203714971
0.015983687488487143
-0.7930347176022866
1.5505077257261322
-0.48305309492053394
-1.2104403489608562
1.77609640813566
-1.2702246349888275
2.2384207593425285
0.7968823096070936
-0.40968460805901424
-0.5582695830482696
-0.3285018070280374
-1.085624611619211
-0.9348318585368642
1.5814922041731019
0.23593441575369928
-0.13898442296317207
1.2264510607595334
-1.2694389614552364
0.980564980654004
0.24362285781812637
0.21140915068031002
1.5140294058805328
0.9326580360591118
-0.8794106251333997
-0.5869366390183484
1.0305190129882569
1.130150914238644
-0.8742074441237413
-2.372373165916272
-1.6474718561657915
-0.05078721558621026
-0.9297221223149169
0.7795440826008242
-0.4756424776475325
1.3084406572833471
2.8742947471244253
-0.4960793097903537
-0.13259165794812788
0.24853984800940568
0.20025693537176956
-0.36702565596081566
1.1793849583319036
-0.055850332395928966
0.00852886386066882
0.009301469797985212
-0.6795321597767038
0.6113862111493257
0.4081446929215898
-0.29101267305408984
-0.2691675003789303
0.10095129913655403
-0.5683350852094585
-0.3222423326047505
0.6324263300538466
1.1514676755299318
-0.5427821565289251
-0.9734185190986172
-1.176022703817493
0.45304889712217905
-1.3414437443118499
1.1182056396655344
-0.5155409178034085
-1.1564921827211805
1.6560664052608327
0.5856669023571563
0.8167159314831131
0.8385983888731529
-0.9453721578399517
0.5335290635792913
-0.03761475330819779
-0.7571686822251903
0.11570681335242385
0.3101160846775211
0.6320475084398414
-0.2515632740692502
0.6508508858606525
-0.8062605638560417
-0.49554006093865977
-0.14212383722564995
-1.4701483739907213
0.5754185368604752
0.5705852678124111
1.154076950140789
-0.9470218975620226
0.06319008409478777
0.6364018507686096
0.15349694614027243
-1.556375589539467
0.19712982687641986
0.8857471849229492
-2.322298397868272
0.11740471636382602
0.07780228867555675
2.312793284474491
-0.6849483046162665
0.20155437249102032
-0.24561837373567877
-0.36629404430827733
-0.27818165149415175
0.45917652201331455
0.2563561163259438
-0.2605732509192424
-0.0976723353332817
0.03576093451156129
0.07394901424949271
0.030151111122563717
-0.4861893626782632
-0.2806907985492431
0.2700419897260276
-0.3391330329558146
0.3065820407243476
-0.23469501236434484
0.17294441632229898
0.40694870239049247
-0.3563126760044356
-0.2640387120585826
-0.14528028137656565
-0.26513399196840914
-0.17592308948294383
-0.4514635455853852
0.3631048147876258
0.2059178097576286
-0.36240492968020255
0.29740947172248583
0.1942065462334785
0.33698570173069675
-0.046379726449102966
-0.4396261113957442
-0.07764462218858043
-0.30457351959249823
0.40229484812215405
0.1274523204928831
0.23192570819186173
0.13227266768697957
0.3796560647616477
-0.07491347816859072
-0.09968776264390669
-0.3544366111107403
-0.14760049153586385
-0.19539202650806103
-0.09024209168649985
0.10441575833798002
0.2969697590925091
0.2752588962965995
0.029271150017934292
-0.037454569229314075
0.3543201143673066
0.4832180581589835
0.03497317674569789
0.15969931481950497
-0.22594490503957299
0.169074659751533
-0.3214819734841983
0.5556721142815474
-0.35901895230044023
-0.019093827607669762
-0.014333099666805895
1.2824441917750475
0.13911093515045095
0.24664314005906773
-0.5782506991283811
-0.09063048082478366
0.12633637879188392
0.05872404885134963
0.37293962598785907
0.006109422427363621
0.9253551107040799
-0.3039743537173957
-0.0581644895540962
0.11794069168161572
0.6103249647584881
-0.5538301349286054
-0.2662366573846285
-0.7227864604673915
-0.34378636634954474
-0.22090521781265038
-0.04021736260324063
-0.6966394609388341
0.30909567702050195
0.5251924050597616
1.762865953431945
0.6635231132683852
-0.4475164134631002
0.637650341408439
0.15446751766348382
4.023538881691094
0.0500598136240668
0.4696234106391504
0.2425413622054753
0.22505160788754638
0.3385377715913566
0.7590283897624045
0.9059563791480654
-0.7313758838770371
-0.029225757150660694
-0.47471138787087536
-1.0727611076113694
0.2178646041042546
2.3037833959340723
-0.21185256330295907
-0.10003679630547921
-1.008097834323251
-0.7596235127193375
-1.3773064867694913
-0.5382863093537821
-0.58943893286881
0.22260953768195482
-0.5560925829423125
2.1722945439033077
1.0200874030309055
-0.5855121979465491
-0.7486793735237798
-0.06916491656308105
2.4281580201684547
0.09093872698804767
-0.119020011268329
0.38135405601414807
0.05227685121408227
0.7199169699890263
0.9533321041124098
1.334135601439997
-0.20048394537840838
-0.7971586399517755
0.13187377454112933
-1.4042311481647232
0.2530756823649363
3.259737867157272
0.10211967923207306
-1.8959578185043666
0.2822086170802119
0.704129877531379
-1.5308267278334913
0.014971379468476766
-0.07680130452768537
0.5282547440130821
-1.2595618015861294
0.6486230929862449
-0.7650482133345143
-0.2882287355558921
0.056469268400750075
-0.5405573293821799
1.5171693849290055
-0.3743737742736976
0.20304240138590393
1.4203215450308888
-0.5614093541841345
-1.1828654927876647
0.5611696398751153
-0.34532087341230133
-1.4889963430522846
0.6629060235838024
-0.17106151311074635
0.2476657344510214
0.6027263194999846
2.0427983533282212
-0.4878754885369585
-1.6443604736743935
2.0504336755443595
0.4079685712149297
-0.5292692354807207
0.5294359788102408
0.3707440044907274
0.298033818183269
0.5770932660868096
-1.4330644243096275
-2.3536916560631105
0.28349913644654906
-2.137501043185495
-1.2438446469827769
0.753333235128755
-0.4288695518806685
0.11053935651277066
1.599104898832792
0.5404972904612227
-0.11351037425626398
0.9890379809083472
-0.05195280023990061
-1.6669460330495292
0.9097399881430096
-0.8247433526054473
0.5973369484894455
2.1783370120972547
0.5548336196202704
0.6110838689233073
-0.0033473530932746015
-0.036053879289574514
1.4471786229196364
1.760227563183416
0.29903390827026677
-0.7757290943004678
1.1193507803548823
0.8653756723785576
-0.42781123236206864
0.2738649883126816
0.45757678020411047
-0.69937091738701
-0.9446762659381118
-0.03470610611230714
-0.06866843099584961
-2.0468837617805584
0.4976047866618435
1.0006994023951825
0.5007966997425168
0.8385009906076005
-0.19167243048692886
-0.6991239359862914
-0.11795492757428015
-0.7402816904507223
-0.508513489688552
0.1361839450116755
1.1071529885503715
0.173699865644695
0.8205136930619016
-0.845463362387994
0.011441279215606573
0.6496484009532694
1.3164321710949873
-0.8482523654920248
0.5376069229004499
1.1390659292653142
-0.7211394185412764
-0.10436490693659277
-0.2847989454732389
0.8883718901575173
-0.2912412659809255
1.3572838276254153
0.4682699199773543
-0.9273700958525309
-0.7448204694987031
0.0713431457798547
1.0426614140842345
0.11378623314792993
-1.0855390352634569
-0.833097370803379
0.17853883927407768
0.5857192729367717
-0.13981846670412815
-1.0073651901461247
0.5741474499482658
-0.3468876060824443
-0.1875606967231031
-0.3274225062945126
-1.3074809822237585
0.462357704892594
1.172553995671523
-1.29400278031284
0.8898919029785469
0.4941347665294538
0.5858275548790134
1.3028721127412486
-0.02436869208521952
0.9752859692687915
0.6351377606131723
1.0848156146287589
1.2135553630454043
-0.6356889812091969
-0.06764399645727535
-0.7877673384160364
0.41515785600879757
-0.7140683690297503
-1.1803180434161555
-0.8312603942486934
-0.03426398840964615
0.9052871407447077
0.1492009666483758
-0.4146532339079773
0.031070744481147678
0.048794106384253265
-0.9193501011381203
0.6933074147007044
-0.6777967643897188
-0.061959615342044076
1.009972334197794
-0.8101665272783275
-0.5536977067324979
0.21307824486710653
-0.3451971221964922
0.3758034896205686
0.49177427175971405
-0.06929527018202301
-0.05805481357774937
-0.5055113603383768
-0.40694638687461976
-0.23225207225026379
0.004963607309574053
-0.4221590253601181
-0.2558126600584484
-0.18800560975542785
-0.2932005550277558
-0.18322852215660895
-0.12883514628630102
0.18057186786220622
0.03970976350349477
0.08029537675152595
-0.06110985697397471
0.19900759044122338
-0.2185063352748029
0.37955984077748683
0.32025164219920044
0.3369617952246633
-0.4467201888326945
0.2557152480338552
0.44754371459673664
0.227577306367116
0.246568631044159
0.30665971484929344
0.4185225825014533
0.30289347402756867
0.33194228217064387
0.39381409744929563
0.4148533726662739
0.38771982819552503
0.17040701974934946
-0.10054285347879618
0.3049515247298684
-0.4663576585266397
0.06267432587342034
0.23356172576768094
0.23951652977064794
-0.370437692956202
-0.32888789954564673
-0.08401123345401783
-0.10991706785959607
-0.018088815677666768
-0.08102169300264735
0.319377737890095
0.4579809797695047
-0.4311924771584788
0.0062096695995478264
0.2560057579027202
-0.22439319323643298
-0.641509184371371
0.5087331725828196
0.7936967642420916
0.5198325612609066
-0.07067289440193399
0.3243282301737098
0.11950277537782643
-0.14726993035107022
-0.3810861832267505
0.05063825909512987
0.49845841995541224
0.11546220222199398
1.121463187876072
-0.3128311848248239
-0.7194353363420658
-0.12380579926210576
-0.07796816092122032
-0.4974056741303097
-0.8940191104815431
0.8145792625113822
0.4005296032050888
-0.4061052734677643
-0.30973566571317646
-0.21802410452327717
0.0338829925229683
0.00485758582588468
0.09614518020470673
0.29129233810893407
-0.9929756897761293
1.5716189375557386
1.88377766544812
0.38830937771657825
1.8171951613435935
1.451316127730738
1.3695587766446273
0.587592716192879
0.09791468936928444
-1.1133191934804905
1.5798737407182648
0.2460808647815733
2.316796543520327
-0.42135508739061583
-1.496767496796615
-0.9993852110904505
1.6134975982337647
-0.9507924765088221
-1.0832015297220505
1.9190424727620612
1.3282420299354187
-0.9912274171279895
0.4002580754684111
-0.35112681361996767
-0.20356682609734564
-0.7355425099893363
-0.6118131904045607
0.1611777450666231
-1.6139888957489124
1.1243354838515012
0.12511968605293491
-0.07021433530786478
2.0544175866536962
-0.31679727762483245
0.24469334634759424
0.4827546233791792
-0.4225870054065196
-0.6316704252748546
0.08424454078488228
0.5570196308736063
1.858533106537809
0.13471923109935083
-1.7429064854411078
-2.1013574202475778
0.8011337182663787
-0.90835525149824
-0.9323560875172441
0.5749272341304732
0.3589675943125556
-1.6069580297523725
1.6490261046111065
-1.542533820592012
-0.5344482385587279
1.187039729567632
-0.9233362877781208
0.01950611287466833
0.46742535575348426
-1.0640650349180591
-3.290497971441001
-0.40896892414056085
0.37700301283806653
-0.8159127990682726
-0.27520359084553125
-0.3555546289921002
0.10182317121738024
1.8168912238864428
-0.9497666962473424
-0.5604250235738661
0.8612760354357516
-0.7263831299569912
-1.6211417845447607
-0.6647403957568533
-0.34314038089498194
0.7321377832930683
0.9605939783309508
-0.7715390990610396
0.885740087493542
0.8366910720003939
2.3928352899319
0.1596703394492704
1.494081347779619
0.3048250549724253
0.25936663175709324
0.2532511464099233
1.971556859180513
-1.4686880894806214
-1.2444603268944279
-0.3079138088274237
-0.688749417985123
-0.46871436367577557
0.2537705763649699
0.3368255570313224
-0.15563410465838398
0.9543345970083063
1.5035005664817827
0.4854666582538133
1.9895091210115516
0.1965874689426386
-1.903142352200042
-1.1561317521607366
-1.289533084742924
0.6698168086838729
1.3782768415910613
-0.5709593303748929
1.2490756433865855
-0.22101526576553968
0.7679371786146
0.9772448004367099
1.82072368521698
-0.8351377668986248
-0.7353717372872808
1.6339834397425228
0.2240629486795885
0.173913001482895
0.3470049980454079
0.4696536558443289
-0.3697470031157293
1.1314092153410635
-0.5501488943669731
0.46268641676541045
-1.8205437464894147
-0.34795731506984023
1.6771846951175389
1.0532884170668404
1.655497468984979
0.7543788721266477
-0.1291966335420713
-0.5362871813290435
-0.7772984825652713
-1.180273539391934
-0.680175981660432
0.6369188716472253
-1.0475936565842587
-0.9889029341307967
-0.2484769624376465
-0.26958452590841525
1.2658696295785345
-0.21394484982974626
-1.0489429894431423
0.9298774826695643
-0.17001692733295162
0.632714294510303
0.4727976885018548
0.6036650094822104
-1.0622440931501789
2.201182319614422
-0.75509557229345
0.4682918417138887
-0.9193736884110747
-0.9474850008429321
0.706695295633116
0.3798048884330918
0.15426360593295285
0.1435334000953854
0.38409003187500473
-0.218374619507841
0.9330385568955947
0.2433341090434542
-0.2186517549824576
0.24337457505157437
-0.3136790951597928
-1.709091733237714
0.2275604668190231
-0.45821546329547536
-1.51749532695917
-0.05555395868951742
-1.1158564159016233
0.7866949757486809
-0.03531660006889842
0.5805471109416984
0.35925601149402
0.33267969692059207
0.3468919998969505
0.8552074276845169
-0.6698463850880769
0.7267942274193171
-0.43993458559012927
-0.5764450732107745
-0.5165140110307689
0.0013426261713864874
0.12326977369187107
0.13406380220109654
-0.03549892575319268
-0.7028652239131664
1.3875237767724429
0.5071774684500103
-0.49548986762448266
-0.32102840888388934
-0.25094081446138833
-0.4929301007486516
0.717929293201637
-0.3505445605659516
-0.7079428440869368
0.812237128801491
0.053961945117457014
-0.4476573215708942
-0.10297199633189538
-0.07807751689040902
-0.16421087438349888
-0.3857647068789045
0.6030617938382576
-0.3674618605960516
0.019657515886124945
0.2703877060995854
-0.3475555658577446
0.4465228434154067
0.3830494132952795
-0.23586730323566213
-0.35824395376260043
0.16112228882609914
-0.3403093661678597
-0.23290579310611398
0.30921912011596936
-0.1331898928465996
-0.07807642563871867
0.10791492075640537
0.5526002468391316
-0.19933917883329672
0.43327327805677984
-0.043027992772403455
-0.3198696221248976
-0.11574833353996318
0.016192452099810854
-0.3356934960898053
-0.11793493744728646
0.28639802838723905
0.26441809505482766
0.17640760407555509
0.4077368270335362
0.053166314233391174
0.06998586746489706
0.45202405940438134
-0.3279929591125083
0.05282658295518663
-0.03901794336979179
-0.4647633774168995
-0.17878242531795652
-0.429929967665613
-0.33937757856842615
-0.013951264041750058
0.11325572201378425
-0.4330177801029514
0.21985613054745085
0.23827355935698524
0.48720027391565934
0.43348044756857795
0.4467675233507957
0.24302330798886998
0.05430052173325424
0.3795726259739748
0.25571674893920127
0.45826379146962576
-1.1330272271227486
0.40004806898743905
0.04864212571821841
0.6276472019244218
-0.3539265012340605
0.8663883441884179
-1.3923859730903225
-0.4087697803058758
0.4038835901082613
0.3015744471094303
-0.8240836568319015
-0.8061170519610678
0.05605466288541482
-0.17534690229310834
0.34715194296924456
0.14559408388898737
-0.11745086832275185
9.94875548564702E-5
-0.3186465781951858
0.05221793569325104
0.08638499279782531
-0.028491154843358936
0.9509301972323493
0.2445929627226613
-0.15772957650362351
0.5836057999392593
1.0432849837471254
-0.47227109812624857
-1.8196292195971882
0.5871490059280693
0.6809315429529192
0.10240061121256373
1.2549055215632168
0.8877645248890372
-0.10639279608564062
0.26255936504156785
0.6915639226386981
-2.6083992121832145
-0.19130614310491262
-0.9350399276773402
-0.6215938437813856
-0.8519625626116187
-1.225557328211351
-0.908859163379189
0.7766880393036325
1.6500380382482909
-0.9959521464572042
0.21691159463909676
-0.5649627831011016
-0.8389197632048079
0.6514450243446266
-1.0010215171108572
0.2622035968995454
-0.11313913156404151
1.5941084317847145
0.2130967536621823
0.4083255826368876
-0.5584658941545737
-0.9780238098230927
-0.22070256912676955
2.527485100472107
-1.197565915439414
0.5071297119760949
2.090556977558542
0.7831999791579669
-3.997376487779784
-0.12925276520343004
0.24731882799323593
-0.4801549543265259
-1.9856344624190434
-1.8575243516464806
-0.7585647585025399
1.478030448979125
1.6163789053806896
-1.3220511366801302
-1.3955788552800552
0.12879523144348912
-0.534694090379613
1.315924293387047
-1.7823887423842801
0.08708868801219086
1.2943423668682554
-1.0747793260454992
0.34594631858174757
1.5017733507929063
-1.0457516647419713
-1.7851194793227096
-0.4161404256420252
0.9949098048856911
0.14998792607638287
-0.08064736144409082
0.9527771289393447
1.6223649567373282
-1.7557825395556492
1.29153002702076
0.47985016675070064
-0.7188725545976012
-0.01374786087601246
-1.4842671051529253
-1.4845846198029806
1.4484168713728889
1.7068702956349673
0.6591070586122131
-1.4941590998946161
1.148592168700515
-0.5572315425196956
0.48129933064655916
-0.4688107048143359
1.2155710698444264
-0.8502261701990241
-0.5395254337280037
0.6588094706880668
0.9825359801647793
-0.37866861263489515
-0.6306619687579427
0.45065530114981356
0.08720086752351165
1.2985140967729472
-0.2552394462710293
0.08580883395935666
-0.130087337270933
-0.8141049521789622
1.3142882803929516
0.5037513072207923
1.472784785996121
-0.21822410570017994
-1.1230851006822635
-1.6387005034900515
-0.14863095227467263
1.1907680892211794
0.3585697810536245
-0.5272994964611415
0.650222387190605
-0.6874601553857584
0.17401288504614104
-0.3036531626963307
0.39663533341268326
-1.3657024817007075
-0.16365376511949442
0.007632204983222329
-0.36357541799096815
0.8565462592150553
-0.06542296159250363
1.0782219564944573
-0.5246806273383139
0.8271283093773466
-0.5867833192558873
0.023365373589817995
-1.897161496090787
-1.4702511600086827
-0.975583484320895
-0.32514547302126895
1.6896374920595938
-0.8290151797019933
0.36123528846999303
-0.7880837516377578
1.5835460471205762
0.37414500842053616
-0.19565979530222521
1.4159565341648765
-0.2532300907763982
-0.502548470917958
0.1377162200865586
-0.37621027946074975
-0.9279969274519265
-0.1277684176628381
0.3708752323813692
0.5218987334122038
-0.5935409055949324
0.2832659133660182
0.11929092977543677
0.77675222098269
0.23855668395929522
1.6266643892230932
-1.2931043842186074
-0.16653841419747437
-0.5403135114733274
-0.26406019830299654
-1.2766489193616781
-0.8102001259479035
0.7331162013604678
-1.6210092832502045
0.2760385932064802
-0.7117955261646055
0.8536121123087673
0.5777620875532196
0.1563928887958488
0.4675588974826082
0.3548231321160593
0.299054258940875
0.567413100372618
0.33448299646911345
-0.6417785747150642
0.7197429950323633
0.6359138818224488
0.7120537943408414
-0.42433217461354344
-0.6472941082983751
-0.16748430130561742
0.14270720793864308
0.8744156652938225
1.2982591518884652
-1.6528444381218743
-0.31654871701632187
-0.004414960540507695
-0.2899479248455266
-0.1311891682121638
-0.9217501546470801
0.05558740762036223
-0.3606161108274187
0.39575793603222437
-1.2626454411722705
-0.08529759489657389
0.16862230802872794
0.18889750141721282
-1.0482140581361825
0.11621114607144585
0.0416960601238426
0.9352229775384983
0.2420939984304004
0.6459919345341618
0.1432273355141288
0.5181089820075471
-0.21685724343334697
-0.017767394860634302
-0.2594253139972729
0.31887243303641527
-0.3272434516951467
0.12228845482847092
0.2394971489087256
-0.22434141525187934
0.018627361953099046
0.4004552221180797
0.11563838333942292
0.2935855695849992
-0.2855591720961728
-0.21371715808638778
0.29353817365732404
0.30365771757456844
-0.20228348602006654
-0.3868617033578058
-0.0811738137643568
0.2777310031542603
-0.2505403836481801
0.49872238573361405
-0.18065240461573454
0.37358791463771024
-0.3980312663099661
0.553394450608662
-0.06446799392658573
0.28784289474315056
0.25940314632322486
-0.06754851111337402
0.3994555391383339
0.12153432356529249
-0.09301848849481904
0.1806867106935747
0.026098253958560177
-0.04346031458499152
-0.1879905359739472
-0.4485587047395959
0.4596419105471983
-0.49928685196791706
0.1270456000082589
0.4750982625666876
0.3594591014545583
0.24809828550102983
0.08385802081913066
0.19281511410500654
0.09868750383696198
0.3143480764506242
-0.40666768148965216
-0.042382050181594064
0.2475593997564928
-0.4465399691387901
-0.05852759698729369
0.30018900992286845
0.055348156565137724
0.22122200730317965
-0.24982748326368379
-0.8666607937713109
-0.3579048561066004
0.15805032528721424
0.32961692001776066
-0.30442034212617414
0.9953788350872118
-1.1901193151306637
-0.8223454459092476
-0.3546963630769151
0.7527023933703232
-0.3829989048097128
-0.30634701541603626
0.29619871112016377
-0.42853701597139815
0.7287856619688217
-0.002882054954963529
0.4948919190428847
-0.33714746247466537
0.0599443153106268
-0.07907525805824124
0.2057867884085272
0.26045941594225014
0.2711999268171614
0.40443188547654546
0.5230498415001458
0.6519564230830669
0.8468644596325595
0.05553987830202145
-1.5387954866010545
-0.4846893758715303
-0.3982774641283901
0.6152443310875606
0.5090237099212448
0.4154957159756366
-0.9732398440962687
0.26746853868062
0.20239672607713516
0.5084434248979526
-2.7468900744120286
-1.0648490780572735
-1.6525529104075216
-0.9120447887944795
0.9618607759773634
0.8736182962796392
0.3002384606707495
1.1341728969068903
-0.5586103022886185
-0.08073475577874802
0.5698597389360689
1.2424091794365562
1.9421182560451538
-1.1820191023081152
0.3489114855552498
0.4302486388866689
1.9539762182427312
-0.40409245139158717
-0.7164928860310654
0.59215212606321
-0.16583649256254787
0.3286077511958611
0.6635936160195677
0.3976268835308398
-0.2605655166281983
0.28909378173078515
-0.3761033837939895
0.18900444449797815
-2.883266604609021
-1.5939563226532147
-1.9669898599956965
-0.799215755149256
1.8328459826112249
0.10526321327426508
1.212421070358008
1.824651146030536
-0.6970098301056141
-0.3013193819585476
-0.20085942983181146
-0.542274324880137
1.3262152856118241
-1.1017718149737983
-0.05765963857747748
0.31718308372539755
0.8625290542063007
-0.9482744853887889
0.4869277466541512
0.7720384178258498
0.1868726959407747
0.11554004800073656
0.29272718443529394
0.16522973689657067
0.1310968430633114
0.5462068111328451
-0.6307917953658645
-0.3689389229985539
-2.088717860728415
-0.31020541116121225
-1.3716864900891037
-0.07268753510514885
0.7149748855816471
-0.5723115146700805
1.2088370699781215
1.0591731899698202
0.30393016405792844
-0.10214798109429557
-0.29209706516106504
-0.9930002525758252
0.10837648590070582
-1.0193331258508502
-1.002863680928096
0.20769827790700118
0.25567022128988787
-0.5279734492273495
0.6265806226460643
0.6618258651074062
-0.6608273734235828
0.4357102396996819
0.09918059751589602
0.4830415073926505
0.2589734356942549
0.06741222045353701
-1.2000494826605739
-0.5309361099824104
-2.021946967060539
-0.4557705619400771
-1.5507991162094659
-0.4214855132463995
0.07860883995261997
-0.3949353955558945
1.1489598514333268
1.3630389202080375
0.027532869357978423
0.40451319364812577
0.1703027084631072
-0.062404249931291726
1.0061165487556187
0.599855242249649
-2.0014918004016296
-0.6929633157920502
0.26554358760411306
-0.12086888655800296
-0.6043858559279481
-0.1913680691449683
-0.67479800606879
0.3282005860520727
-0.060715367561630436
0.9100415288869252
0.39876467537716026
-0.6146187969018614
-0.862046903602485
-0.27722844628567866
-2.0808583098939417
-0.3916826749693035
-0.962789247943556
-1.0722589216934164
0.2381237498480562
-0.12708233329284963
-0.018974288100830662
0.8376500719400062
0.1374564213041865
0.38138557224118275
1.3620386055181255
0.29688291618454965
1.874116584221307
1.1772440160419595
-0.4066337236783287
-1.2259599466098587
0.5734469763990125
-0.44602623272290737
-0.8463856436493133
-0.4181735215401685
-0.44053752768934407
-0.27127192062403244
0.9979390935817637
1.4920417113131919
0.18254267770145619
-0.9286056198606518
-0.49411157261592537
-0.7675528262278435
-1.192679776971997
-0.6606285691835447
-0.142145519353093
-0.522984133082424
0.04123317771967929
-0.9391762768586576
-0.509554654924328
0.17285186812135986
0.3453344230054237
-0.10605720497971355
0.5935517078697965
0.2162974313807026
0.7677252582628133
0.33043979456131056
0.08583858496446986
0.6543675831385639
1.5911428979818716
-0.7095696149329183
-0.6458190829080765
0.17288070587551552
-0.4775872899472743
0.18379696994162883
1.137433887732788
0.36334016590465734
-0.3896562774707281
-0.4952559696981638
0.46513857804109193
-0.243864382449915
-0.06293585327767373
-0.368110479578397
0.3739514559371508
0.16489860674423473
0.573949752702615
-0.7499279071893307
0.26261553493959744
0.2956970760973403
-0.2592300125828624
-0.26313143614525636
0.3076126244577981
0.14432730604089225
0.3520096883785054
-0.5459276121546349
0.20927356488737203
0.6468147797166985
0.48805327006202526
-0.6126244912075665
-0.3495255248065306
-0.45392920140026566
0.36648043634117455
-0.20414831476841513
-0.3036189901334027
0.4020810004496599
0.2075046116258901
-0.4637092854548053
0.23919440678930254
-0.3533471261433218
0.11108467961180174
-0.25108870785325993
0.4830629793408366
0.4373114827406936
-0.026761603657713563
-0.3517802629988567
0.45440549191777135
0.26899168690061226
-0.11789903670913778
0.46329855403382875
-0.4444658400277586
0.19232887152926584
0.1723093725949754
0.20876595657800578
-0.02646545104463735
0.03864568028854855
-0.4629846487018092
0.2224978315373823
0.2543372507961655
-0.3457978109085646
-0.2274865888128323
-0.38813626215782654
0.19908681461530783
0.39006519481315705
0.03167373250658942
-0.20797865386662306
0.31829757347735366
0.09297307121577235
0.30889151908923573
0.2129734872331733
0.3188493743668559
0.45992900749684784
-0.24094453611873778
-0.29310196162590046
-0.07417204734371982
0.3278217636052175
-0.1786911652530171
0.018505677607416907
-0.328794772124956
0.3680148418552174
0.38202274002207404
-0.24776362590350096
0.3688895204594359
0.37742895956954836
0.45727633782217286
-0.20974904531733596
0.11960315092358913
-0.46974461438717796
0.16148824134284742
0.3152580332059316
-0.7265472263084152
0.4228645499858013
-0.7839656470367116
0.17643125477273974
-0.16053337666945006
0.10817950018385655
-0.32960664838644
0.4221559542323594
-0.19673169354886189
0.29528901943011143
0.20901489821674843
-0.2977494720660153
0.04508741300456871
-0.5018455076206736
-0.06054642102761922
0.16020078813536615
-0.020215352581987096
0.3244017421906051
0.18888004979745998
0.0718317518959062
-0.06681673913042721
0.2733350071918081
-0.07505259422488646
0.1562866041155804
-0.21146970361896641
0.08110606130886745
0.10394669815852799
0.44004747057950644
-1.1392386218250952
0.012083743029495051
-1.1619779195016027
-0.06400665368899267
-0.16048782457162172
1.054759731256906
0.2747585899826664
0.29618610616499164
0.12135724365022742
0.052162891893754525
0.5264068437360484
1.1327537302656925
-0.02400676546998392
-0.8145190343891243
-0.23076209160924602
0.5618052571610462
-0.5431763862565576
0.547027498246433
-0.14867469101762973
0.3398796205191646
0.18500549131169838
0.15925929852720858
-0.44466142330338
0.5056724964415179
-0.5088964135133062
0.28459896591210504
0.31864472429162566
-0.3974042453281742
-0.003859437240682514
0.4693437321438981
-0.10095863333717217
0.22591043594145915
-0.9505605858123699
1.0348593839956548
-0.8585630965613569
0.24727086320366273
0.004451425770566679
0.20328116541518418
1.036464297891705
1.4259912692558867
-1.0846029693161154
-2.173822536333002
0.1489778143276269
0.4108232534752058
-0.7497418146882101
1.0992331640400945
-0.15388388980792195
-0.4924292209753603
0.1913298261940465
0.3517207863574648
0.9209171770895285
0.5952035660502993
-0.16947123578727152
5.903736834451348E-4
0.4123280562929228
-0.24136924368286833
0.24077632699721346
-0.26364096282836436
-0.20384373785779095
0.13887170813167254
-0.8611338670308047
0.3034630901155288
-0.844157123842773
0.44842191432453526
-0.8092314613462906
-0.03503525225385419
0.703043523598673
1.3889779363110686
-1.3376271434313391
-2.1992236641669933
0.17752984733942853
0.09821702022855423
-1.1286220778367875
0.8829065501387978
0.30218939152227864
-0.3823539684775629
-0.08228698032049189
0.22734415022308452
1.3189498982063967
0.19435644519308967
0.40637105671918927
-0.025024910536752855
0.2377838435584157
-0.8524534311950235
-0.2271036631427086
-0.294517753155689
0.4933446133601197
0.27050692881218286
-0.42036217305405515
-0.2335913767097253
-1.3614279251180919
-0.011065957155265415
-1.2316689795034694
0.7009528308751327
0.74289829576056
1.8927867930628794
-1.6587460125386118
-2.23578160766281
0.4553363250417521
0.049898073389276744
-0.6507888572196887
0.6159568829996238
0.43377361332955994
0.10472324341338347
-0.05621035359317461
0.4233431579126711
1.013571374061728
-0.04509702969069793
0.18307891349392533
0.3151311367430402
-0.6027815721104712
-0.31799739440436875
-0.07526741431062804
-0.6565333532770113
0.6545265007753043
-0.2534469784326276
-0.3893596113989354
0.22269283828594086
-0.20401064791786766
-0.30594214556656546
-0.4744764346866326
-0.25117053703747366
-0.3654593672781819
0.9520746910277023
-0.9506975289633002
-0.7083321096772963
0.3631578495028159
0.044496040947807375
0.3732154499657404
0.6172981148420625
-0.43165172697470183
0.45850491450597347
0.6646475377867386
0.7091469827303829
0.8045704130304355
0.1339872580119768
0.11264643030358838
-0.5924089010469135
-0.6707020876699296
-0.0769502670947746
0.6351828598214837
-0.07698751055443047
0.7467348679098902
-0.34292537601953194
0.17232729381962744
-0.5919089631365024
0.22766294659583133
-0.2553890901827148
0.1216508984041128
0.07459868668089896
-0.6418642093339437
-0.2699464553499803
-0.06701683050327331
0.15525058510056045
-0.02252005197339699
0.6135248157844027
-0.2708694411875356
0.5405606233541435
-0.6423617420971681
0.20543808815008965
0.04054697577856858
0.43563145973926476
0.3240846287323193
-0.34638777672016724
0.4281923708859552
0.21613854645970443
-0.5435031138809503
-0.32838889072480293
-0.11522584859930014
-0.021606433077226164
-0.0376127923613174
-0.32498858115937024
-0.005270553157949981
-0.34954125644992623
-0.4801894410559105
-0.3546644796935178
-0.2971291478577529
-0.3605896630249167
-0.008609216947476099
-0.4542404042738575
-0.13732338958465284
0.17815794473668467
-0.4965349532408206
0.13324386350447864
0.2583185531860683
-0.12193245323137153
0.31828693840982386
0.28034349020702903
0.15558082233969198
0.19302942443476953
0.028330508054058668
-0.47808681919046764
0.173015278135294
0.3061345217327079
0.4613727277451111
0.4666804808677954
-0.01960335961348312
-0.002859320160867985
0.12702762733494846
0.2944797318197469
0.2447640216143306
0.4381489202866775
0.3427160558903739
0.08258983881448138
0.40562664023902395
-0.4012049128865139
-0.014022688884694585
-0.11445304533613176
0.18481999691660578
0.4165001281873332
-0.14059602500538687
-0.23931380089485355
-0.31381592275640285
-0.08324553379166585
-0.21900289595787342
-0.3946103925114953
0.4065346901847244
0.038014044815067316
0.049692280537829626
0.24671136918556394
0.4084428393321189
-0.03141233345738047
-0.49710804571793205
0.06336003977766133
-0.0015098575251102093
-0.2094700391084611
0.35545082917294957
-0.17376224505338494
-0.12554926927363455
-0.1921583590151813
-0.08567495013186877
0.20724769861946757
-0.4438948980206098
0.38256877750272317
0.01245035931729414
0.25522756521174306
0.41254312569285106
0.23820900633602923
0.09946819606788905
0.2805261935824129
-0.07057520585435645
0.29821643543560905
-0.19204308168466946
0.3367954095115003
0.0494908866743758
-0.23053509748148165
-0.25184434816804857
-0.03470076601610948
0.06534618480137509
-0.1806819854584077
-0.49487548076225346
0.2107239286441026
-0.33469972973146184
-0.47774452653033206
-0.39829529836767275
-0.011019251457200794
0.44386063916167856
-0.3314262109994739
0.4908120310451314
-0.10652362171011222
0.4848713691152727
0.25649047670423303
-0.26869906933834753
-0.1771889742562361
-0.019405701312388158
0.03169545786613938
0.4243862136395202
-0.144149523609866
0.3969945943197803
-0.4106153310227434
-0.3862716146740006
0.2895997022106455
0.17779258623707975
0.12702632232502364
0.12356669705299063
0.49679374956003025
0.1813566126476013
0.141023923743928
0.5215582715430265
0.4160472650471847
-0.06756195617136367
-0.14581309645849005
-0.39659662849177685
-0.11020629048868394
-0.12410563599607206
-0.4247863408489362
0.2531319058591592
-0.23334116742982403
0.07075416081381972
0.55136568738872
-0.0548821601505447
-0.2083280305884723
-0.11225591771916779
-0.5051957935987917
-0.38607487713085037
-0.47526399396995356
-0.011247523734791308
0.5937024242167485
-0.6261979815228411
-0.5196275214486837
0.308066528102658
-0.2598485376388228
-0.3768803672499916
-0.2643535925362213
0.44695418818489574
0.1498431827790371
0.010730703500003385
0.7376526704238435
0.06714414942200803
0.2084778574745722
-0.4297145002706825
-0.21919352946559226
-0.5302407251736957
0.40419589397527617
0.05218501417849539
0.30263185659496
-0.09254748894149878
-0.021908863668538763
0.06052847883212212
0.6442038889783738
5.076435874984836E-4
-0.4924311730170971
0.09732227950712509
-0.08707822079255594
-0.09218310367324845
0.766123571916867
-0.8224851683552867
-0.47675731291481466
0.6014320616244208
-0.02617777875491378
-0.2400018828547873
-0.0742186314620882
-0.014291026840572917
0.1036781536574017
0.453936762285166
0.8997982955866105
-0.39835940808372056
0.08512027137290355
-0.07810303763447131
0.07445798602778674
-0.569255713406428
-0.367527878268473
-0.054571533371580716
-0.30602136705199556
0.4611400189549718
0.6594498950486543
0.4642060370486133
0.3401546082020814
-0.06516586555927996
-0.41111464568844736
0.494305068988834
-0.40115685064416634
-0.6036351113781122
1.1189840650795262
-0.8258460381672252
-0.4363957528722174
0.551230070106552
0.9371043101906119
-0.3820963610403412
0.463982026898883
0.006886285358303734
-0.13710288963622158
0.05271202034400598
0.23851710186407485
-0.42797447989825715
0.26652892693096586
-0.5814598810270616
0.29041249578181433
0.17964218812070956
0.03546975405429891
0.2084975416176854
-0.2825808141288407
-0.029339616381779104
0.7298495764279828
0.4805664085498792
0.8786136923892376
0.22867629968657915
-0.6209879900318662
-0.2072585152654819
-0.6199029981177375
-0.1829577777073284
0.7922573519133618
-1.2519242813375446
-0.4655518076606543
0.3330740275385429
1.0969753984570134
-0.37522201364494495
-0.07935773434750179
0.3656813860384233
-0.20815231428492256
-0.22968402211147626
0.7533214942633211
0.3993796751307999
-0.24717122926660723
-0.495793850124655
0.03037614442574746
0.09338571117730188
0.4831260800179953
-0.2733626517820237
0.006670962300685213
-0.2996963087474082
0.5708481031168233
0.669902376017568
0.831689690251572
0.029961852309365957
0.0045962446078141195
-0.06251705961432578
0.4146394927017328
-0.36886880775950914
0.5620561378413295
-0.41476590424000914
0.2105829857882443
0.3426027558950426
0.7487668274614314
-0.3375217651089283
0.20932391774044684
-0.3275055317846255
-0.3264274087033479
-0.37907069893064704
0.15492029134813728
-0.10952776232148974
-0.052660187507371184
-0.11672247326352572
0.013834622632193446
0.017937601268428447
0.08117518293029757
-0.2340561551303013
-0.34226702498681116
-0.20130009484134523
0.3346024117588915
-0.45384076935798906
-0.2244553870696754
-0.04117651321101757
0.44922229679586895
0.09801321385097443
-0.2559530748101451
0.14685274460471853
0.20063712615660162
0.025799412595618437
-0.39811327748532344
-0.33953009587970634
0.1789573506704721
-0.4081874359456763
0.15829319244055434
0.29545314555284274
0.24473479599371506
0.45103660280041413
-0.10062438249605021
-0.17023704952220473
0.2093173930315616
-0.4185454885468128
-0.2823708802106178
0.2949455162278061
0.37908873630821477
-0.22475753884100996
0.3659605675656022
0.2849972699493341
0.17269095076829194
0.09294923959530887
0.4847334515351264
0.05325222346302168
-0.1278884194767835
0.160233263728275
-0.11856782518992534
0.15245177419679143
-0.027260016975966996
-0.18737684239938848
0.14855068104062025
0.021684723338241285
0.3058087027676442
0.27027460544071363
-0.03811119753374246
0.3162625954531109
0.017552397244842532
0.09134088923345425
0.4711595660971275
-0.18180567121730262
0.13989258577126681
-0.3590274512267405
0.14327868424967513
-0.06735026858085125
-0.258331210245278
-0.025088459465188964
-0.1460478647823455
0.15344245521674732
-0.04527177287773311
-0.41587183539165246
-0.35545312385217165
-0.047666400412047755
-0.09101292428299788
-0.4053509590743658
-0.4220866408049162
-0.033463102161967614
0.4658093669160958
-0.19820636911888984
0.18789811894195146
-0.34615588588792273
0.011935663610375524
-0.015558790745470386
-0.24175804753607005
-0.8372926563553456
-0.23312560818192923
-0.3706270208567621
-1.017151322755452
0.08491351369407926
0.24117336026333167
-1.7333482343370445
-0.28426328059685857
-0.6595879595989396
-1.3150282514318896
-2.4943187826251423
0.8124586593761742
-0.9135414147417233
-2.2010332897134637
-0.5856258595916924
-3.994318241235556
2.668281391753609
0.7548147449963689
1.416000873147327
-0.9601127637225926
0.7730568772488173
-1.3776260709628807
-1.2517911134281812
-0.8704717104123444
0.21013248509472332
1.709285551192859
0.34943154269270077
0.39782010757444153
-2.854413678551596
-3.158284936098864
3.6271401637383116
-0.6013959198305646
-1.9117050387593115
-1.7485734659435395
0.5082622556394045
-4.358117672648988
-1.443158562209167
2.195052610443439
-1.615883332403989
-1.9776194195133319
0.02013355837267563
-1.2005755801276092
0.5998527570979163
0.15057739532372497
-2.3342099954857662
-1.0238346270789538
0.23397657258964627
0.08604837982942957
-2.1566896944522362
0.13169605287450192
2.166080527007082
-1.7058137441723156
2.95057299590951
-4.1853948496687226
-1.0789427517255235
-1.2193071638195137
-0.07262000788266254
-3.4222247531762857
0.5116827170378832
0.9044757159389109
-0.3207901318197306
-2.5725314208776644
2.0780305888596144
1.8186285469514938
-0.5563015084914266
0.9516129720363343
-1.561897389952392
0.9776713055247148
-3.4572693043303784
-2.6786447947864747
-0.05019728420682579
-1.1345719003174368
-2.798557562471912
-4.631490758549517
1.8536704551550454
0.25288400388681376
2.257096465446819
-2.966357472712986
3.10416860038792
3.111694754403685
1.0053300709338584
-1.808726902812637
-1.0015066716640486
-1.11376652568364
-0.5170499291793085
-3.323564473601646
0.7531092187727666
1.2929813520485167
-0.43428965608724096
-0.6231799543864162
0.4918454389026174
4.266780392086085
-0.7996419891864662
-2.1851116933280883
-0.770608159851911
4.568907260034695
-1.049793008096483
-0.8781282881777938
-2.9071897991392457
-0.22725367223379453
-1.5859523698801286
2.8803546635076356
-3.5172085642698114
1.7233304992619765
0.6743158709025376
-1.1765338873910522
-2.2446290873011887
-1.3948128872795142
-3.6069288417885645
1.514172668803223
-1.214576698483102
0.5640144728459099
0.37941523364635943
-2.652809551075979
2.726940428183258
0.21354976240230727
-2.315538879425639
3.94793041985601
-4.810753638924457
0.26049147766867037
-0.27321115460028295
-2.092217817185707
-2.097423416552904
-0.21037072291697517
1.4508783082900267
-0.8844178689314223
0.00307623990009965
1.4489439936716748
-0.09539284037307799
0.5497761773931766
-2.6086822642628285
-1.6606742610664644
1.5364673319183495
0.9982777090921188
1.614934792685003
0.2704174815464766
0.19209782966599273
-2.098410237444224
-3.5771144928349625
3.860934044847633
-2.3443939045084385
-1.2961220329546133
0.15659986874888596
-2.2683393533210556
0.6964429266182449
2.598933655714703
-3.0946653861849605
2.0832235173398983
-1.4918187418090818
0.225876420932109
0.08691047142104179
-0.9139045446425931
1.0024706421453415
0.15379413141653708
-3.0538353558613354
0.6150786925947636
-2.4881569405488677
3.1445370490723703
-3.842928107718373
-2.2197107148918644
0.6708633318175198
2.0291476650789657
-3.775579004933881
0.9459670719111449
-3.4578835447481313
0.19074696249978965
-2.5345006695437666
1.8711867301141751
0.7579504974079888
1.0222536916832365
0.8741975331556667
0.1352949120045433
0.12848704102436634
1.0135624102191128
-1.8376936943467366
-3.2837190632644524
2.74740554767017
-1.7578550299804436
-3.3716620831000546
-1.795969579591029
-2.893148064775822
3.3921830971050544
0.13881459993346837
-1.6158376830162877
-4.3126104851223985
1.2030568889167557
2.846315485821442
-2.3770800949043567
-2.4832476905590664
-2.199389703938641
-3.6164588312325963
0.46210938188518735
-1.6596720330682913
-0.09384203248218875
-1.5996818749063844
3.602999303280891
1.519591532870024
-0.6903443479295952
1.1075781938278937
-2.7734339610273073
1.5820376028054206
-1.1348073752209809
-4.2695954786468215
2.346638514059324
-0.027275320137283603
0.33119855174607904
1.314467476704687
-3.5466637194495
0.7967784477658797
1.6327616497652309
-3.0178665455709814
3.0869568985159592
0.9197762694417791
-1.0776412515946467
1.125417962387057
-1.5115385881433605
-0.3562506033059209
-0.9221944358024936
-1.266871218769294
-0.9638620922090713
-1.1572733519509593
2.1077298547493037
0.195595991897174
-0.7511789572950004
-4.09127966723322
-1.3558936361691483
-3.5074076766834565
-0.6501386817634015
-0.1466442329100991
1.0689924634137675
0.39153450374483606
-1.290988655937032
0.4815364072501315
0.28620371140631573
1.7731861796501533
0.3152713943689238
-0.0970139450420241
-1.7210749311318834
1.6676294238260763
-6.197844394056374
-1.5033842633353742
0.5936538199553729
0.8186482058872518
2.882292266745496
1.5042613834248675
-5.571372738697836
-1.8170776322761053
-1.2987513668324062
-0.2972450849012985
-0.23926563289436736
-1.5696333865942784
-2.3823158608773083
2.913831511888507
-0.9864294911841887
0.2712561738182042
-2.750862815552177
-2.6112729314822927
-0.3956060745020557
3.600753965911403
0.11334842064010134
1.0642969617759541
-3.1460523820694277
0.35134118709081474
-0.06503435705056543
-3.1750142803095143
-2.13966234245309
-0.9885534489159942
-1.1865062831228457
-0.1698068169974059
3.0219570235802475
-1.3105156611635804
-2.0643140101323607
1.3570667405016497
-0.23907135618893646
-0.7324475682453989
3.2207400654227993
-3.0883297591036114
-3.480988581175505
1.6268628641187663
-2.114135622864762
-2.0055978678424795
-1.137822914013538
-2.31779802049108
1.3241671429548687
0.7478168881231524
-1.7339206221225203
-1.2019227793380054
-0.06685143651899202
1.2423398573307827
-1.0138771097100274
