1
100 28 10
-0.21184524125472257
0.048392672933033336
0.4106956819163065
-0.030306475166410603
0.4436947133689646
0.08301086478290491
0.35812254940589594
0.28970904913299345
0.9793742177207242
-0.9858971598412193
-0.30515814702561045
0.03365421362246094
-0.09514013492811647
0.4533755081727323
-0.15466699024766428
0.20338784203176602
0.5489502711964513
-0.22777486965854157
-0.28940019736201117
-1.0213001249571125
-0.7831665286942364
-0.10467351363863708
-0.18181282316619435
0.15625107145542846
0.4212151804288147
-0.06743026131210048
-0.46140056105794963
0.46954337734138724
-0.2575461791782276
0.07358574999849699
-0.24260667946908404
-0.33673857412008573
-0.3970863156089541
-0.080493955101874
0.12464029142399481
-0.3541738924585843
-0.4722034724029356
-0.2602031454609369
0.4599793896590297
0.4935745599688441
0.34916486319852635
-0.4626070392065017
0.44649718138677086
-0.2523830165722007
0.018189005511459355
0.31797306533653946
-0.32124699979704396
-0.3585121682882611
0.3738144340049352
-0.05045014712010624
-0.19199222836170904
-0.3744135390239333
-0.0889419675241615
-0.4082347986954472
0.05015136374055904
0.2671535984132678
0.17584047860883684
-0.2730288287056728
-0.2881488825322357
0.11349862107971692
0.20996279806093077
0.21093802089321947
0.24913595165979657
-0.3031261257668151
-0.3759704971035129
-0.17056988668938827
0.13086953398234197
-0.3647598074809007
0.473573634794691
-0.43878017506605727
0.41880308119362736
-0.3078969372141567
0.10282081522239617
0.11974236212337915
-0.42209483106218465
-0.26195004356253015
0.49877000024354656
0.3766896828363793
0.46612028199304384
-0.21308791946131406
-0.4697131475491548
-0.052673984457230066
-0.1277736894761151
-0.32971508485584117
-0.38064564318381766
-0.4305892223535371
0.21661006951841635
0.45091235271495483
0.0391928673454541
-0.10683790431372726
0.22428417371547832
0.3857731234491879
0.04274501940674302
-0.04840848811749088
-0.3724487635163396
0.10316596081705554
0.40577919757284947
-0.029643543030949102
-0.46746385193347084
-0.3587459226651993
-0.08523841916915845
-0.11275324765444844
-0.32640453490279364
0.2469169020031001
0.4391344762978381
-0.017132934535774483
-0.11866988717792276
0.03411563477390514
-0.030065027790653693
-0.07588904500390478
0.38666428949560305
0.23539000072983024
0.008171412417760284
-0.3488828265264103
-0.17952869328688245
0.20548335885773455
0.10510460410097786
0.08608365313540799
0.3489439765381404
0.44026141067140256
0.4302950699134931
-0.21026261199544238
-0.28602671654239353
-0.4997575170829211
0.13855561500891037
0.1918375850954897
-0.169001388798546
-0.07737032439507943
0.31936768460246184
-0.02354407320137162
-0.3044376485805862
-0.16537530204540932
0.3508196278614548
-0.1465953622120961
0.4693862918583633
-0.38939643132700674
-0.18729496692699835
-0.35695589930536964
-0.0241151337493969
-0.4298426426819743
0.09401731014001188
0.13004223048247057
0.32271161501034157
-0.01714249146798354
-0.0961568230116132
0.445228324505855
-0.22485550442610244
-0.43019532683438494
0.4554461529773152
-0.31405836351483973
0.2608084074192978
0.40511787116360587
-0.08780674258025899
-0.005333284673497765
0.08124227784683317
0.047051066195018684
0.1255423516267867
-0.43475658446445725
-0.017627977892300018
-0.22350416085407374
0.4897732817235467
0.34658216229236044
-0.123021206196749
0.1916984408151728
0.04515644517402759
-0.419395271802023
0.08319360512022629
0.2527957596012877
0.15719042244548265
0.19677025564380962
0.4725795584821693
-0.4679011270342268
-0.35113470436539973
-0.3743491569458525
0.2519392729361225
-0.24387355585312692
-0.05148258173059566
-0.42108744333116804
0.07616359124242399
-0.09382272269053749
0.23348818175996852
0.41263491482793646
-0.42055545446599024
0.41595662964424346
0.29138964069547124
0.249072671035414
-0.2250506212680367
-0.21733000979787573
0.2767784935142759
-0.33416851849564233
-0.09504048091099294
-0.11592723897998188
-0.37317480255125024
-0.3014893467128094
0.3146162240602777
0.3196981200739972
-0.20073481772454577
0.19230903225115442
0.041298999363529786
0.29185529358717766
-0.16582989253525957
0.4453165967290774
0.04123030818955828
-0.12836422844656223
0.3072113114244596
0.2200461556481187
-0.4713556960984521
-0.17582890733904544
-0.19218811655836116
-0.22964397869407197
0.06996630474911444
0.1627271087225319
0.34602998702412235
-0.1813096751103611
-0.21826509070513164
0.25522625661936915
0.21579881078569835
0.16858773831126841
0.3589022848016734
0.39679643668400316
0.16899842807659596
-0.33722722633836316
-0.41348747214245296
-0.16733450867938843
0.3774589286178356
0.0742710582675025
0.48867860094702376
-0.32854209127257605
0.15248842244051464
0.4451125012826501
0.32780340611867786
0.1566343683314672
0.16659922593419121
0.03514607456484168
-0.29399581399551894
-0.13001239687756078
-0.47100201011459664
-0.11652008760450178
0.4450478485200312
-0.10719998450611286
-0.31982014375723844
0.1859004700263123
-0.4193726837927207
-0.2508879256346874
0.46196617500246906
0.5080011983959074
-0.12245575087706377
-0.09798419021288159
-0.40692048963085653
0.17547325627792265
0.20420968208923831
0.1925657823793503
0.4580387620223033
0.14411649086395903
0.3383486221520386
-0.43276374860731176
-0.06700302360477907
0.10777290127084618
-0.4518419946205224
0.32565948290451285
-0.31113408378031804
0.15706690528303738
0.4462975045355853
-0.264791280982822
-0.27399101875117354
0.4049277173792803
-0.44904056789701235
-0.1309942481279522
-0.17552771051309027
0.008274084999110948
-0.007571858606289385
0.4953223889001624
0.36183008326624316
-0.3330447159835093
-0.3089849139165263
-0.04024011121499012
-0.15909666310299558
0.24530716180605647
0.15433212245546093
0.04864128834087985
-0.485254346302406
-0.20983173038190742
-0.3153720394254401
-0.03592847290032501
0.047265487538567824
0.3072346625282929
0.4050716253116988
-0.018606951758657272
0.10248000953984478
-0.4944171247843699
0.032908698434057304
-0.23002847003196605
0.009823981909500342
0.16639926352645032
-0.2868995178562756
0.11520272124749696
0.4714973649006151
-0.07487197969366474
-0.43763912747280226
-0.4418967262509299
0.38018373021342555
0.01538313578408115
-0.2144682804875635
0.4581776628097415
0.3757244065254556
-0.01368156492031115
0.3634326147012319
0.13854143411863723
-0.26423752496517167
0.4695076779518072
0.3443605452694492
0.03781566190673209
-0.45328397194184294
-0.16362544144556446
-0.28780407681506054
0.27697198697178266
-0.11474341286501094
-0.02342266528673296
-0.3411051504599603
-0.3730007890881444
-0.0946173529364194
-0.4958794828799475
-0.1637920125502075
-0.3583459905001003
0.31556090514243035
0.392496445998706
-0.17123424542948573
-0.3625333493671857
-0.2780106339173446
0.43633310110555074
-0.34770169036422316
0.27036460939543183
-0.3017157745391292
-0.06102479906823696
-0.43820342993027556
-0.300766598439041
0.2604097380977638
-0.262826058676124
-0.17572205526717846
-0.31289777865845786
-0.3500560858947957
-0.011421114210571844
0.42173907472512256
-0.31976077450955553
-0.2552942169358623
0.18327524430174943
-0.20641327620942526
0.168899038919388
0.05574988645101204
0.3963183746509287
-0.18610735402855855
0.25830953605011203
-0.40028848463329525
0.3258709362374747
0.48601893522832096
-0.502757119931976
0.017280256018653628
0.2944112767953136
0.10199007314987105
0.030104905535794365
0.49629752432175367
0.3496908575120379
0.22981447326246754
-0.42289631648871917
-0.3895753246672026
-0.3374857838909768
-0.13426748630846744
0.08287931043382961
0.452770066968089
0.4826115600910022
-0.5163716348545455
-0.4968481909383425
-0.44648862177382165
0.14430766674523576
-0.2364670947411559
0.012494222306016333
0.46262000111379925
-0.31364960733221064
0.1755284396273609
-0.42623393343510524
0.4279876374317773
0.0753309330248621
-0.3131290769200072
0.38073880291483947
0.06525976097298582
-0.07131406853753491
-0.4781127109406538
-0.23169838185672142
-0.3295236328619621
0.42115891992804144
0.29538389680411165
-0.20750615426561783
0.12352498094160419
0.15014995291400593
0.05732806190201683
-0.11709416099452345
-0.13847554286683295
0.6533511415919467
-0.31432352528709206
0.03931580699331363
0.31181127080221505
0.2195702531751529
0.3152543059180082
0.12271526545106815
-0.3082104524664409
-0.44388607275405456
0.14105059059316669
0.6336384243953028
-0.25407015041639375
0.4952611784400886
0.24638231443003392
0.25980346009841426
-0.2478342071223588
0.46472474162318983
-0.42994194915014583
-0.9785092296777647
-0.05708957157784784
-0.31390111320523495
0.14930964906863717
-0.6374134654461168
0.3267501914548035
0.35591954022248884
0.03983345377978108
-0.9684408037614214
0.29314569612907104
0.7720614593555288
-0.5909529599653796
-0.25318738647460476
-0.2642124350259457
0.9856044842860567
0.09875047709358814
-0.4955001495191268
0.6560167531540049
-0.4202921386796686
0.3170519985791849
-0.2865054368079331
0.1260093875053446
-0.1948794593903953
0.5926268619187763
-0.250646885384553
0.5261597134176342
0.4460152028951976
-0.41419994517472836
-0.5822083121474467
-0.1985974670005666
-0.2965662628126346
0.8848117185507409
-0.692731472724804
0.5760251586165661
0.2717293889313818
0.2643853852905454
-0.7534768527079434
0.03572165347785689
0.540654069405538
-0.7289478727565103
-0.7983184858493737
-0.8342825033732891
0.36731451019318323
-0.48102527979967297
-0.2021234382093094
0.6844179954788255
-0.7679288355585753
-0.007854644283938818
0.47667301915875476
0.4151060496489275
0.4203772433377545
0.8226756807616435
-0.3528609773520708
0.4528760548627943
0.35170153287383965
0.013504598548866945
-0.6484547530013258
-0.2406285339044116
-0.3431309533005406
0.5777058749046627
0.11877388794889948
0.24673154564552907
0.7348381000364739
0.1595048545607595
0.14305487285965574
-0.04098183822671159
0.7639880634819924
-0.5564341517110166
-0.4919757666012026
-0.7699083326013355
-0.28260907831095
0.31582321554769044
0.20289764369799776
-0.009787218616711625
-0.03996660600334867
-0.08686514262305575
0.2534073518151052
0.7592734250803198
0.27825035167189993
0.5819253229294551
-0.05206090084576201
0.33411074625550347
0.2081003748593377
0.337270297456871
-0.7791308983708015
-0.27314108230786627
0.10759966849861113
0.4601955684285057
0.3531495453781421
-0.3107971236577215
0.2492557753263746
0.4510686569580966
-0.005805688081520306
0.013168347846914591
-0.12486973427185218
0.08551833495732834
-0.44887769896404556
-0.2071394143329777
-0.1438062027321908
-0.12452193936905408
0.11549540657139964
0.2789792641889651
0.4621749324570106
0.34326179347223745
-0.1501595181417889
0.5469148020866975
-0.5462100622671605
-0.03935510089241221
0.08125871433508786
-0.3819347568965226
-0.35931407319279984
-0.23788998243111478
0.24671714679821938
-0.38214919690978316
-0.11388387706485666
0.38380976175181997
0.6048973859758863
0.3498471164724029
-0.12253240637702166
-0.33285049532628047
-0.0479215608989229
0.03642399059104003
0.2625354649308418
-0.19159355376733475
-0.2356418904291715
0.06015956043389865
0.006399979333721915
-0.24704043196721653
-0.09626968642038061
0.05773988980416483
0.30245317622794754
0.4174660007218241
-0.022129331256535458
0.21281262359039738
0.034041749082189085
0.15468588686241255
0.4954668376182552
-0.36542072652592705
-0.02979027773788432
-0.20167135464786268
-0.46305966666445153
0.12801136988814477
0.4151727111648709
-0.29239849375407473
-0.15049001939210552
0.33941173681961234
0.39043110441146545
-0.2029867751381135
0.44343071017071073
-0.15183889860136338
-0.10907466413077664
-0.09522075952430116
0.4767215066726771
0.0206797928810374
0.3750708809640532
0.23619978516282944
-0.4977093968506767
-0.24757477114936252
0.0338510389186486
-0.3786973747019649
0.2951199977525763
0.16710455176175726
0.24001271529304422
-0.2398515762015863
-0.38630134060565224
0.3209591954853954
0.2016701340724513
0.1886262898963647
-0.3134976874971341
-0.3201364335812717
-0.04043652545181595
0.13900595993760256
0.07395247755591092
-0.48634977271056734
-0.050749118064065485
-0.27094647808131106
-0.45238570108941456
0.2350281043700494
0.1366635568379627
-0.35133389828878403
0.3013950507269234
-0.1023544121567621
-0.22439634725778376
0.46108978262315725
0.16093520883102017
0.49573127464837535
0.3066875371657245
-0.01223662446920679
0.20091421786610192
0.17627616169014795
0.024609561010820367
0.43037396724588783
0.1751959622911217
0.28316247756756496
-0.05112770051372606
-0.3732850400680167
-0.12783259261977153
-0.3844539581813203
-0.06851865729632937
0.031095761959543795
0.02049131026018331
0.06715907644482147
-0.19814354331726275
-0.30826426795338535
-0.5497859361195875
0.43342226937332873
0.07485641003102737
0.07891679553611658
0.059564157088803124
0.0771984341261439
-0.32676294846385384
-0.10574241285977228
-0.22291724479555622
-0.10614202941521238
0.31640580114092953
-0.49994531408576465
-0.22186331538566167
0.3245238563410413
0.4297539238328151
0.1341841366770772
-0.5132548168675626
0.021126041842404793
0.35178880630872567
-0.33304150232947055
-0.09321514996871307
0.5056926385004592
-0.10138420447846884
-0.2048109465109687
-0.13051831801727712
0.5922812081708353
-0.540225254451367
0.4323573296068158
-0.48935830692393795
-0.20481400659531604
-0.06207859265248958
0.025714333054607783
-0.48134111215142805
-0.22409383793092733
0.2243273972643336
0.761701630512152
-0.14393123619730877
0.07348150129794544
0.8999328990043473
0.21868767023027158
0.0229222989143815
-0.09620332029159728
0.8986725552671716
-0.27289295728416
0.19872013930321822
-0.27056010268473496
0.13434339234813494
-0.682584870375492
-0.7677113794286553
-0.4632336294597214
-0.1638482945908236
0.5087769510314097
-0.5799504464203971
0.28716752208950047
-0.2049796209862929
-0.44574519851160804
0.3657496304168837
-0.024606627004986795
0.16405853996575318
0.10585971180878141
-0.37646106722850436
0.2038639840113988
0.5339352535624355
0.93256628436122
0.24433125126847835
0.4310388070024399
0.5738630837620924
-0.16602354677799772
-0.2122500569133718
-0.732374190010529
-0.018433181482664315
0.24752320021031257
0.6105921809325656
0.11705526709132599
0.12054981845374761
-0.7841469851779372
-0.4390970262123099
-0.42135050600347157
0.24813453625027873
0.3030755614645091
-0.48983842675939215
0.14482233706129713
-0.44079105498311144
0.2313128364493118
-0.47279759438139024
-0.18284872001235722
-0.0386771875592003
-0.34366942121331795
0.541559185577813
-0.09143426814420848
0.6592031271520019
0.3504344915690123
0.05975474062516802
0.3143030785065791
-1.2121795043525723
0.43815697397943404
-0.2653246402011327
-1.0758411972428523
0.43807897190207906
-0.29585557639824117
0.42006386900955056
0.36004598351264133
-0.2716142847168943
-0.4123538505464401
0.349278213912926
-0.08218248298242395
0.04204165528114061
-0.6243515790882224
-0.32806413840376575
-0.379893640389075
-1.0716571177758933
-0.125842313878511
-0.7218023686889917
0.9993072431120132
-0.9913111421893583
-1.2919475267985019
0.16598618156533568
0.2544617410672499
1.1443373671377894
-0.5245739362507669
0.7226087484926456
0.7489591531236421
-1.0033584009382275
0.010801059474639297
-0.15255870735444893
-1.4142412701324494
0.3640316112934662
-0.12547038713458294
0.10785333820567716
0.5016278326464402
-0.11702907472671757
-0.2749943313756175
0.9488997006143041
0.4497452694544197
0.639167739188647
-0.32945794347270485
0.17069527554773375
0.10008009636983865
-0.7393727593528826
-0.7287242306519419
-0.5081782733041457
0.7224361622352083
-0.10444335858274474
0.07140301913477098
0.29289371392486724
0.2727525214600719
1.1017185693710194
0.3291721103034406
0.20399936968836557
0.741257767464166
-0.04596518647912896
0.48858222359548176
0.5132385070257391
-0.679591445711857
0.07013684543872377
-0.4249805899194539
0.4410179085429249
-0.15001082994045878
-0.9210486890065911
-0.4864505822135897
0.6194713151073344
0.19390673900747188
0.059116630726476785
-0.29502956559201404
0.10198137998528732
0.17486842989885942
0.5978396377262277
-0.48421550398625923
0.47806040823956203
0.058017180828453606
-0.32468516935486824
1.0016567815666801
0.3888715332351977
0.4515759849503137
0.26964133630061415
0.11315503455592116
-0.038561797133079466
0.239890653059408
-0.2724608502052866
-0.21922471134078705
-0.2539402633888215
0.27939610232083845
-0.12356813612269218
0.48112340486650235
-0.09923571717332955
-0.7983715889830306
-0.48413217105684275
-0.7840637770023093
0.2451300202753166
0.29615920570756704
-0.28442205043098817
0.6232772413557388
0.13207647204512613
0.470659618075016
-0.1063970217334704
-0.1441039193742146
0.27877096293174597
-0.27557674578330543
-0.21992593502407873
0.10986338440098739
-0.14155193564805515
0.11515730938898217
-0.6584175966798069
0.3912238657359199
0.16524917814006243
0.21211296486243045
0.16654694023308836
-0.3120733430983388
0.009243828828875249
-0.05078712822129908
-0.36845849441760237
0.1711271410301686
0.3388180486710052
-0.4877858075210586
-0.7358422634675791
-0.6268985873962509
0.06414927617598806
-0.2894075519111206
-0.319154262818754
0.27335474299932494
0.06797802499679956
0.33052395329960704
0.29375271546063336
0.4896818195059166
0.4384150124096371
0.21443800431489635
0.24295234981283018
-0.31660796538807323
-0.29458698994009425
-0.37225919185213735
-0.28645885709728547
-0.09931998651472225
0.08505343843626664
-0.3033828435535807
0.05499824133347213
-0.4396911707867082
0.11735943401829976
0.19728210786256806
-0.007669258414056093
-0.06919285777714572
0.0922733541763117
-0.4201552701768872
0.4517166656664418
-0.3207992422679579
-0.25919324935872623
-0.06912472542436805
-0.06934480222263373
-0.08239989634579094
0.02486619536351837
-0.2211253166307906
0.0787850916190487
0.005032046971470941
0.3144323576345678
0.05376339580833273
0.03573756320582548
-0.44579847919771154
0.4094308336972985
0.058882767093339165
0.0017603758703196072
0.4467122524661046
-0.05640909036735713
-0.4310700296500793
0.35240183606756526
0.4866849260642311
0.09042872584506241
-0.33967751936666546
0.45495976026917395
0.32772897876743995
0.28496613989353226
-0.12378101681869946
-0.17992199003241618
0.009402589943259066
-0.039763465503543545
-0.372913636678845
0.4872330070616312
-0.0275009648812478
0.27445726755069955
-0.0549603563677175
-5.498084738547382E-4
-0.1257514022110583
-0.2584080320458614
0.04757134762214033
-0.012581875421147816
0.24839847253626818
0.12203543524107925
-0.027823964189827553
-0.09906369130751136
0.013647481471232868
0.5164724127449332
0.2707082571774386
0.30002204293610596
-0.15226426182773062
-0.4514590052481378
-0.4640556816642051
0.2337449293501983
-0.39990674821288186
-0.5588833223383672
0.48721462541879224
0.05677206213558389
0.1076023583842366
0.30930222468066476
0.3146802533601531
-0.5040872235652301
-0.21596996742840727
-0.17547830537732761
0.2134515119674191
-0.19445462978713984
-0.24687962491484416
1.1554393145316233
-0.5344552755685542
0.11963438829145688
-0.5133130231934211
0.8193480152795215
0.18579744834621417
-0.822027133371273
0.14741696793931724
0.3569720036206076
-0.33672863001260994
0.040192263582653806
-0.29446945990973783
-0.4228360806874417
0.5389522472402212
-0.2867275764720857
-0.2998677950880369
0.25174171028918857
-0.39928352437864606
-0.14505325514718737
0.06989658827039864
0.5534374355542683
-0.5566378052063367
0.4269245986855292
-0.3954157815307741
-0.053522113885026486
0.35924759207663626
0.15063083114794387
-0.4264112566240787
1.5053620444471363
-0.762055001165182
-0.24994281441064847
-0.2320519804982033
0.8664880416357359
0.31601282457815333
-1.050149839220052
-0.10044586496092218
0.966554254256073
0.11217130417834248
-0.5705059121929574
0.12743508974197396
-0.4737077339546257
0.07886004579380378
-0.3686795105094822
-0.41560934602523486
1.1357377400047748
-0.5319834848159266
-0.5180333317595897
0.8089299347488361
0.9406496470944599
-0.26435089833830416
-0.0792784497464918
-0.6094825573908854
0.6546748337358089
-0.20470848506293088
-0.012458286252287771
-0.390346514730665
0.7660073290636014
-0.509736638384225
0.7289843108633737
-0.2948566805294073
0.3854986686701282
0.17760075101206016
-0.7426552386941399
0.7003558880747006
0.09491496102693033
-0.2122924102774756
-0.014813418965169432
-0.36861422852203113
-0.5745665337743671
0.17707930754229123
0.09270015322369493
0.581964177492452
-0.004447209348273415
0.18329590435235726
-0.7497417514378906
0.42352469420098765
0.614207535075004
-0.6301745796282201
0.2237364668103424
-0.55616844400973
0.19348011352054093
0.1393674678174772
-0.3110187988201254
0.3188434802041459
-1.0392130561644122
0.8597349049282286
0.029847829712790794
-0.004875809023155242
0.5912032794583821
1.218061607195828
0.8164069250299291
0.8651786685719713
0.13194506464736616
-0.18587825840661001
0.9273056893567898
-0.7840585095615779
-0.2666773415667289
0.35670911125373406
0.11508374198517508
0.21049060519810614
-1.038943912040989
0.9858066738662874
-0.039229731058017976
0.061783792899229535
0.2943038028075723
0.2520361174414627
-0.1177687625510295
-1.1193892268630157
-0.0825867272945382
0.560532824795878
-1.021090661891132
-1.0959618951218837
-0.48767303103098436
0.08233046162554637
-0.192652406200492
0.16216942078689536
0.2547772597439153
0.29203300079135863
1.0740222789408964
0.34281812349898444
0.8685751079222511
-0.2695168095025903
0.8661050811613497
0.6811367062815434
-0.11574533623180362
-0.9882645192217767
0.9854358430025816
-0.7299883844357079
0.15773262928953866
0.20431902535101115
0.018046783911511613
-0.08233698434193357
0.3131475092615464
0.36499638719832755
-0.722952994486445
-0.6584801297290269
-0.824427486691038
0.17403464518923406
-1.0367552100350528
-0.5859500760458074
-0.34501327409858923
-0.5704491588769114
0.3811974430768433
0.03236292845020948
0.4986792598900675
-0.3666781770931881
0.7747064206869189
0.5433000678116914
-0.0655855191350622
0.7621023310334546
0.3764405401063575
0.12043886670000893
-0.39841720877131837
-0.44020236219856346
0.546222740890451
-0.031192744461861845
0.32448032401570953
-0.12292884183923092
-0.4815324325251621
-0.3116033593517978
0.6225600358811445
-0.41684411604979077
0.07122911663713356
-0.35224686335895555
0.2121855121805961
0.4038796536164106
0.28178820235440966
-0.019391090060891066
-0.17553199315510942
0.2914881925195135
0.49279449843084205
-0.24838885909834274
0.42037273930919644
-0.1985377826485372
-0.3362397968029183
0.19088671162038456
-0.24580149482692798
0.09165781335144794
-0.6713160393770455
-0.33188167856027495
0.20446179196868286
0.008278605884434308
-0.20465539239766342
0.18443544457998387
0.26347048703135756
-0.07124112374676922
-0.7865332328641924
0.10207689387301615
0.27839545735565335
0.2703717982076275
0.3818421635907416
-0.014259084277222379
0.09460049882870364
0.3650971472989454
-0.2435794835615669
-0.13006907590407313
-0.034892651547362735
0.29565731546419555
-0.02077036492965764
-0.34355197567790924
0.23625498671497158
-0.04383481135258075
-0.18420968023763007
-0.30948884300606405
-0.409059134506041
0.1855036316178967
-0.35726657886160756
0.3055900047915226
-0.131239194389172
-0.2366936676808501
0.16888928924710184
0.3224813818091771
0.011498985356981802
-0.10457892706759132
-0.16248634765456274
-0.2502953250160682
0.2844812280298884
0.14637926153021624
0.48701458071626724
0.3273309872808071
-0.4561845991920136
0.16783968497918691
0.48390680973969985
-0.32244111949077026
0.3612658157012658
0.13938443630613762
-0.36425697065944646
-0.08097540070338988
0.04281587259163668
-0.10406391156063073
0.4312876187981424
-0.10746898582078637
0.48582061968117757
0.07100940065163955
0.31934437641995
0.49057432556469444
0.4708034456884232
0.049901670681164745
-0.04438924476005573
0.16041929614554204
-0.061374001032165705
-0.13214062090368628
-0.3029368150999354
0.24391002020006694
0.2529377025448386
-0.03152304100826211
0.49617076560438395
0.1292333588806126
-0.03013889821950235
-0.09060096545037584
-0.4753709101102476
-0.5332364596678336
-0.25859475780050745
-0.43709797007637663
-0.4809253993433195
-0.16341250209602026
0.2947830215226401
-0.04304063922196274
-0.44208561974231914
-0.1406673217581831
-0.1328264143854538
0.4070342684677996
-0.2052710686655389
-0.14463823336165013
-0.07099969531878457
-0.3505957858150033
0.2889492873889037
0.26713212187676066
-0.09226498171943119
0.016268604046081242
0.2199155478131648
0.0773546793098153
-0.2314131148494476
-0.0404058308153032
0.30300347896208096
-0.4146615768917563
0.11795705551359081
-0.9044148017997197
0.23001652662402428
-0.7264663383770652
0.3184461348694035
-0.28335090612989206
-0.02531030715104176
0.7617885030480135
0.2738838567733297
-0.2523419516652256
-1.2374724332609557
0.09217961549158753
0.029150011356018007
0.003268577987446733
-0.3768536829116206
0.025526038843722454
-0.08260643102443238
-0.14101929813536102
-0.20986756737943174
0.11527812763683105
0.017135757830710117
0.23480985725996142
-0.4696897262012081
0.770581559937031
0.8132520010440932
0.5783207305493866
0.33611866965846127
0.0037549454716300835
0.6749069040662989
-1.889508317396767
0.9378327370939438
-1.1104090990755713
0.8776986800731277
-0.023674083508509552
0.4190519509797783
1.1172350966278415
0.5990969635161618
-0.49982077643606765
-1.2493837314040563
-0.4493944225445727
-0.4291402165995552
0.09506648413980939
-0.38817190323176004
0.494757040918168
-0.5939935318820941
-0.040485886354472735
-0.708783656856289
0.5967576966221317
1.104126309767807
-0.6990168838407949
-0.6101585119577333
0.8111203769429065
-0.03658730291218607
-0.02958522693886214
0.8267889145410776
0.4119869841628546
0.39093830743789104
-0.30107016257928565
1.0353039613855228
-0.18096854888066422
0.1650930264652637
-0.3914117936270106
0.20166527707808024
0.20744433873181217
-0.2513968749152669
-0.5865533734347778
-0.34374121812460395
0.46310373718428294
-1.22645182576719
0.969959178094444
-0.9291746197539994
0.1431514915906155
-1.1073574904376648
-0.3315888201680063
-1.0573637381273233
0.4091283109906635
-0.2984166373252021
-0.15389776362375826
-0.6214761942345266
-0.7733550968393242
-0.4021917236267449
0.4331744146191816
0.8300032947176064
0.66303967700472
-0.2727009841529524
-0.3381033244033082
1.2731325215332139
-0.4406921611019711
-0.22297229491983034
0.2627081050505788
-1.1375765652942302
-0.5415055831039857
-0.2148666193116359
0.7360672109831485
-0.5151751434564265
0.21060127445443275
-1.520275864147156
0.2534704376763578
0.4863140724056654
0.3494877206965744
-0.23619756067610304
-0.4568607370501381
-0.5951601020907554
0.2105829702401692
-0.8563442713858596
0.9826125584817731
1.1562404277806275
-0.7651867057870824
0.4718759120313798
0.8833824524975961
0.08146359859123666
-0.12469406466720945
-0.1531654147621192
-0.5283627124891517
-0.19641709976656102
-0.07449252930686687
0.4606324569069638
-0.6601402117240562
-0.6737627692121446
-0.4371066085946233
-0.17625239751918487
-0.627482815404243
-0.17566899455621798
0.4588545919528723
2.625264127384471E-4
-0.18690264014796917
0.740761011026796
0.9707240935986853
0.3054392975729748
-0.783061100037742
0.5394294411703585
-0.46482862869108604
0.4093667297482042
0.6236701585517876
1.1275073459471288
0.1780086511112918
-0.3373955303218027
0.3355463966752571
0.28141550851616526
0.017088685641007146
-0.7495939199941958
-0.12659818650796836
-0.6902612722796464
0.24859999736740143
-0.4262737294414274
-0.23729249177651687
-0.188870932712399
-0.34781250310875267
0.6387432265774327
-0.5637888649385342
0.02250072539364174
-0.7340417470091544
0.3856879491492799
0.5152127674532379
-0.19420508416292742
0.2106164879895592
0.6764914510171102
-0.2911635116032786
0.4659473807839672
-0.3316580606297174
0.4211058213401566
0.4193290536673382
-0.122298066177905
1.1372268819489153
0.3314835862401171
-0.6526345928048527
0.6306923207000638
-0.2652873998377644
-0.24110339496990818
0.1235079059004695
0.06803747490072308
0.3413892020183755
0.23412444240830751
-0.3469929717085027
0.5277270982885739
-0.5069023562345708
0.3917094245190458
-0.3269246767364315
-0.164355536010231
-0.46315208759133464
0.3960722405402689
0.47391981094675534
-0.3860021244375129
-0.5432554189611567
0.2146296747290513
0.23828469533311006
0.031709273419810634
0.2991677022495525
0.49288371674427817
-0.26694748894179604
0.20157686762834767
0.6969471328761935
0.5427522381776785
-0.3801291047300289
0.4070348288626064
0.5165959633622582
-0.10170337988292542
-0.37158932944187284
0.15345484234810222
0.4090493843464961
-0.03133789525876181
0.1552321570603421
0.35717387922820004
0.04117959465664121
0.38598979214229656
0.3951515620634869
0.32209499448894074
-0.0469683833258547
0.05791747763002241
-0.23495125197560007
-0.37676063930281095
-0.49742973040850086
-0.30933351919807367
0.21665550047724172
-0.2053375772183676
-0.2107251839229621
-0.21324858562004484
0.17039858063795385
-0.4541957450040385
-0.19291639619142154
0.1121631437513992
0.17763029811889625
0.28488123135231835
0.017593619573709907
-0.3558059489737918
0.08313966329078844
0.1562184515317488
0.3236499960560027
0.06569674792237196
0.4497020899148914
0.44284132693234507
0.32911700722275894
0.17177529319545162
-0.37432091944452345
-0.4258076366259559
-0.028518602841284685
-0.139962215311994
-0.30380104424287346
0.3889610232823684
-0.4922965715026
-0.13777333088741944
-0.06462908058404747
0.07098823195223557
0.06359860887127695
0.11119205277511644
0.08365056453149267
0.19540294047838808
0.21392889218536293
0.40706750580003603
-0.060114857718394525
0.06100877055993528
0.46713301451793415
0.047658589892612936
0.19754138558823853
-0.012018404506870273
0.34823196842366366
0.217450743073512
0.4927319377076221
0.3080688157720528
0.17643037393065403
0.5145796355323259
-0.2973765230513672
-0.13162834159297232
-0.4967849726826428
0.08067712985862632
-0.07623319888676953
-0.35542199926079127
-0.16185328566592022
-0.30394523036663695
0.0536360260056273
-0.27772471580387365
-0.3878153449845283
0.4755834773875859
0.18139718636037533
0.16550586619052043
-0.014837630943101674
0.37808720240488153
-0.08167016004504475
-0.1018726439067403
-0.3993031449591348
0.20329163585257662
-1.1210423996956296
0.3873423431905437
-0.9647663384942479
-0.14738758791571968
0.4708615258104423
-0.22719029548103375
0.8500469451704583
-0.1596242495893237
-0.4598958609406799
0.08499063747604893
-0.5640010302000168
-0.4655798334635387
-0.2218256876447333
0.2405282865215411
0.21162662947324373
1.2252047592700293
-0.0035323203723964095
0.6319689389626997
-0.10279743445460318
0.6481728138586004
-0.48151255921407143
-0.14404776038426292
1.3394484603877204
-0.1656152199418987
0.016663397134062626
-0.2620718625078078
0.37575559498566796
1.0094724919000453
-0.9990231263755361
0.6131814754232838
-0.8222471456623934
0.08171265014402664
0.21090035893628034
-0.04756586239808756
0.26471117817785583
-0.19251206831746706
-0.916140069033334
-0.11865517915323781
-1.1223657599686194
-0.21825592385255757
-0.37296877643617626
-0.8239503752015396
0.23646906304186885
0.15535123809929285
0.16540951885718333
-0.21916048395108867
-0.39085088221138786
1.258231002608581
-0.7800141285376677
0.34334619558210944
0.6359652956350892
-0.8070653002654573
-0.06900142584856417
0.48413396473391374
1.0744958145765486
0.2620948930327259
1.0586325731201882
1.526396637189115
0.17570581932920382
0.5309387184545673
-0.38411941336889677
-0.7490753285713193
-0.23073034900799724
-0.14383776508251203
-0.14616171019678456
0.2711017604537897
-0.23600996217790568
-1.9123597977544708
0.1129618883293821
-0.8930580378136784
0.22681043030736275
0.26646057415722535
0.007457696140288791
-0.8953105426522682
-0.15538938625488663
0.0031714083446038634
-0.03157421588201866
0.7979852494814906
-0.8876798864063152
-0.2210314066567213
-0.5297188234276269
-0.5773084819719324
0.16457281773053054
0.2839565123400102
0.19541108328328313
1.103522918055954
0.36538335864160093
0.5155261554208865
-0.6562083779946898
-1.0525137395474782
0.7402918140311181
-0.2617895687930369
-0.08261657473581147
-0.4558739097571336
-0.1623934338595125
-0.9837740721540547
-0.7107953057893015
0.18173097931119547
0.1261729818762474
-0.02180167450305019
0.0689706190711345
0.260150160004218
-0.546429597625088
0.4181646337785796
0.47042844806478235
1.274041622153465
-0.4345203218524059
0.11713185477849963
0.1019067869187481
-0.33654569985581745
-0.37014267401415835
-0.05253387460289512
-0.5809736655856319
5.004289779809113E-4
-0.6612557558535271
0.09382017320633197
0.2588048046636673
-0.3340011260108455
0.044763549985111666
0.03428445289219633
-0.09955212181044104
-0.7792564785829131
0.23558838029406357
0.04325893167598769
-0.773045077428746
0.6977242009056963
0.44511400125137773
0.17426442268015044
-0.41439738641497714
1.1185118680919157
-0.3903241421590687
-0.21592876949854212
-0.3195666479595789
0.6524040803338372
0.6783146648177022
-0.224336648361523
0.8462561578551114
0.004592930788220025
0.1771284154057002
-0.4113856756884453
-0.9792221708137645
-0.05756095262567344
0.16566705689377584
-0.3493634749366026
-0.01440251728061572
0.9805709739915216
-0.44047803924303014
0.11598548095535786
-0.7003045913175414
-0.10895029684310584
-0.05052029471975888
-0.21429345072785896
0.025106861685642308
0.12051548465562875
-0.02156199456159924
0.43457927534499524
0.7877301363171635
0.8752424993816874
0.3036810189650051
-0.38080614285533115
0.3507148208396194
-0.23172595469338092
0.3983837113386168
-0.011878986070841346
-0.20699477292719823
0.2968949738090578
0.60474207213573
0.36917503355069214
-0.10184311580260144
-0.3559158582512657
0.2249977618174106
-0.21924661356260008
0.02186980428121583
0.3163710817522687
0.005276290602898228
-0.4865102879912572
-0.1523274957815742
0.074688806883189
0.23942375435236782
-0.11737146345331911
-0.43499711089219806
0.3343351001496738
0.21349435727831764
0.48580382205209455
-0.2027564568756669
-0.18297598834272993
0.5579422440368187
0.08979116930020373
0.40517452659745573
-0.35630758718648164
0.31047965635615576
-0.17441942536600072
-0.19583607241630913
0.550574242383381
-0.37708407915114905
0.017972028399853422
-0.2928916485881078
0.42361277724051494
-0.33558141473419156
-0.1011217731882182
0.30000284960527274
0.2568085063993906
0.20059997031595203
-0.46148677769647783
0.002756154135469161
0.36280618833618167
-0.3026617435823547
0.05926182809116282
-0.49335872381396406
-0.33476437570345846
0.0642308146566717
0.23366349212620546
0.4036861902909375
-0.3756610878901594
0.1693348379623267
-0.17617504689453473
0.20173161218962524
-0.36398190544324416
0.04224644683374723
-0.025519343890522978
-0.3590744076567035
0.030469747250868394
0.38872474566419696
0.09265975040398461
-0.06980731346395848
0.045248414195477586
-0.46261271634431056
-0.31792161467518
0.46968709554004473
0.2707318421493288
0.27775911443533813
-0.1389541466523779
0.17717403251972333
-0.4021742604293092
0.42456088891508786
0.3256947480643229
0.2923117414141791
0.41494998595115606
-0.3775069763592025
0.21330973638605152
-0.16531789106302772
0.09877043826285896
0.38746276957841325
-0.24339364465440516
-0.3790851249679081
0.4433841450125239
0.002560646708994226
-0.45016127241068554
-0.22987199984749113
-0.4679495437882768
-0.04516255113487534
-0.02372168575710859
0.2754191833483704
-0.2710201780920702
-0.29949440572891173
-0.6408796841975287
0.5837721314088472
-0.1204712054634158
-0.17799469590051267
-0.5559162725179321
-0.44807404549314156
0.02485465441455092
0.11942700013540614
-0.11272576446676301
-0.12931507120086813
-0.06524979962751797
-0.27435144775850734
0.06308927239508416
0.25373098432390045
-0.07040721623657249
5.96788088331378E-4
-0.49645318190861215
0.3586621627311588
0.0017919378148928318
-0.3847095872538441
-0.4932359359288037
-0.37054398225917073
-0.43132163748951724
-0.2827128762476786
-0.4660547351024137
0.19841955935080777
-0.0978200082150604
0.3458416686033437
-0.4106586960861715
0.5161313427106969
0.33663486044877844
-0.24342929699936375
-0.4761667907042833
-0.9085847301334488
0.7088768348656729
-0.9237517647511558
0.4782714473794323
-0.15576480966715278
-0.40314249868236096
0.15496820879383955
0.6247574133023069
0.23971650907347897
-0.009232222888778334
0.15828088161178144
0.8289631208052218
-0.8524435707569191
0.255543317407621
-0.08100420878759611
0.148577694737735
-0.21786022335210983
-0.26753815152539984
0.850332491382668
-0.0037480255097612973
0.6644025825342754
-0.12068556257401926
1.1355432305112512
0.21988393030522557
-1.7977183412273603
0.30205487946271076
-0.5506829112589754
-0.47474920700910167
-1.4839950019791284
0.05330626520766867
-1.1784065288500154
-0.08826850461250403
0.10469844023010294
-0.7065347492137208
-0.02542520905494393
-0.07639072020560748
-0.024062525278968495
0.31720701046693256
0.4904556705142969
0.9803824630465366
-0.09880485280693727
0.882466243760238
0.7519124197391606
-0.01962081660681281
-1.7461410209858674
-0.09466192257080014
0.2626033882192813
0.5087315384554284
0.9536896254698073
0.06613853014174212
1.3294814060307183
0.4207770851993525
-0.6110988998833716
-0.06136424597067538
-0.40029194504136884
-0.40769319168744994
-0.11998332177744801
0.07503274150054576
-0.6737483151263095
-0.5003969901545395
-0.3992769376945877
0.17315900782661783
0.04361949861795047
0.9168488933848968
1.1544602275427853
-0.0696408562979109
-0.2525095374338752
0.20473714606707785
0.03925181725203451
1.4821148183106403
-0.32928578068600556
0.02060753290828828
-0.36921022389179414
-0.7024997159562177
-0.7958065677277805
0.14850394648144377
0.04047696638986316
-0.43138154545420077
0.3411212023836162
0.34691678100345813
-0.2768974296943885
-0.05341432088143876
0.6805528817806848
-0.4605056755899767
-0.08840777414173304
-0.24709437200785325
-0.33710685752535935
0.18706011401519593
-1.0303410977898795
0.37951066563343233
-0.2623828900960111
0.5842363099129165
0.802713983715751
0.7637602058650708
-0.5988222847903967
0.4942480545287516
0.050147484820672654
0.742592826140172
0.29734873560516717
-0.48241979572839105
-0.3430891576297581
-0.5532233417397339
-0.0357398016042694
-0.15706472198375135
-0.5732777545386641
-0.37886614754556364
-0.48606635468575454
-0.21760791077752942
0.5895867819784847
1.0342995470580578
-0.3821896108079925
-0.9130846095452354
-0.28126620142156555
-0.11555317925248086
0.38850605288319395
0.3591537954444517
-0.2842468235916261
0.11066517410707986
0.296198601347258
0.05050482175137775
0.24701052173575566
0.30841285816671427
0.5893642114910261
0.22534389711725952
0.4992105784598172
-0.24056049560867687
0.06266231583676687
-1.108749275562028
-0.42510690542957835
0.60259139533571
1.2735450216488489
-0.4686245760961694
-0.14711393076005772
0.3842921511891087
-0.02775754040281378
-0.7352511499599651
0.6610710435092738
0.36058115728601237
-0.5740930458796625
-0.2498207225885803
-0.6397648096198613
0.28787469972704877
-0.17938451755005258
0.5058643286841483
0.19119718353134935
-0.5409759612397547
0.18365110950529448
0.27857640523278443
0.2601615903544028
0.7805964121809128
0.34825809888873305
0.16165722993191353
0.1678681210823587
-0.2618360399435175
-0.06997262995867588
-0.70438301656934
0.0782308058836261
-0.17300395801908305
0.7933777052066375
-0.009739337170048237
0.5766989806939268
0.2934531140770056
0.2762554514012919
0.21081632013832666
0.003342235644926152
0.2451113670048085
0.34160817244588154
-0.29043652401838294
-0.17108131697555914
0.25595357344131325
0.18008656420454022
-0.23205715558697937
0.1573477413619846
-0.4927996721438142
-0.35094127009698395
0.6335561229141585
-0.0994049566612137
-0.011066634598184908
-0.11830714414397045
0.366600257930543
0.25046067326974547
0.3936757644806391
-0.10233326481531721
-0.49636800051378904
-0.3476445898422599
-0.003104606469803476
0.32660463791762867
-0.07241468602449451
-0.42474216846047025
0.4624638853824161
-0.39676776031130695
-0.4048023493351107
-0.4733029108226025
0.047822371148681826
-0.3714516186953597
0.1816394026247012
0.1585528092226768
-0.29856470142027375
-0.19991715522563247
-0.2646680413867925
0.4327186184371154
0.4180544758016429
-0.27287038426067384
-0.26040525243346635
-0.08258353611081456
0.502680054957073
-0.22229258198074678
-0.1182528317813757
-0.41117175839520304
-0.39722890661079374
-0.09583405819815956
-0.25092491662871047
0.432887802919759
0.01740214269078385
-0.4808276732666749
0.1558130396733374
0.11100604197802069
-0.002060533076108535
0.30070025659942773
-0.4585811291916861
0.46647673393193234
-0.2317061950087931
0.40703223232807745
0.08914674299890453
-0.45162956255615805
0.3259600547234035
-0.4000062331635518
0.15685025775138808
0.09423099529114437
-0.02379669168759275
-0.281795732731837
0.3223593663166889
0.04695506460908522
-0.4393781505159876
-0.0331681991962122
-0.37188372346221554
-0.003734215016808541
0.014689376447023896
-0.49554573127016
-0.46980463395474986
-0.2414215674401279
-0.3439070533833755
0.3213544036731521
-0.30038566473195244
0.4501071288610182
-0.2693236316692877
-0.009371598686306472
-0.2809744547488557
0.3958907972803156
-0.21159978662099743
0.12800766548015272
0.1652855156253785
0.2825261467177968
0.5898391934010582
0.46926170873054723
0.16243611397799018
-0.2569414230042285
0.01033952386416229
0.4158816494525521
-0.36001916482651064
-0.4937896257984054
-0.2817376318592015
0.19506022385796135
0.00918323870534623
0.04429410274941766
0.05467449025067725
-0.6012136818368287
0.25405737162355285
-0.3242854976008861
0.3496472724048304
0.3294754244248368
-0.38930986102874954
0.5891256148187883
-0.34193618590920755
-0.41233560231192135
-0.1870383413020857
0.8005467302078918
0.3035839628180924
-0.6079589941017175
0.12453367163667414
0.04100448201035103
1.0485308658335102
-0.11036922682214186
0.6313671888087758
0.43771191090292255
-0.5287906192329801
0.1429564520025593
-0.04155036121993171
0.13703415579618258
-0.46994231643272666
0.20402821693339726
-0.5072692371846134
-0.6684432645483108
-0.5768272037055309
-1.0742557568288293
-0.5725030360911588
-0.09356299073031092
-0.2745038318035636
0.4249458430170066
-0.607796291175115
0.4457228322696795
-0.5558290723127087
0.41174022522357145
0.1313306574233165
0.09894141204926618
1.0845846630432652
-0.3287192761698075
0.03137113549405226
-0.47309279475228055
0.9004596658920356
-0.1576606802183597
0.438260905187274
0.5422850216464555
-0.6565210197194231
-0.15031227436556382
-0.5837872214517434
0.6122465295523899
-0.5293781654885822
1.056999019042567
0.1915359943819283
0.06139582654620548
-0.6229704850672222
-0.5299560622371398
-0.15000971085630782
-0.36349379582341673
-0.0945042234368849
0.8753009399494328
0.15803377406609623
0.23093458502013728
-0.1430601240182511
0.029592778938586257
-0.34891854154253743
-0.4790938721235173
0.710985594161084
-0.5220495408207777
-0.16598919117272087
-0.15719986886290802
-0.3434862733684389
-0.2357146789038219
0.535681393018152
-0.011834845928918078
-0.30917615684831334
-0.027568264736884104
-0.511713452344178
0.7040260149350831
0.028706874727481048
0.8423824163694905
0.12675888514596417
0.34656397637297426
-0.07682923249469291
0.3150402005622656
-0.13716774608655846
-0.1075684425244105
0.5244047396651393
0.5560272694889064
0.21628298358967668
-0.03232722490449747
0.19272962953876582
0.2311784608033425
-0.26126767864619027
0.4626956536879645
0.7773129295381417
-0.8661340003950951
0.2277712879387123
-0.04236295380010912
0.02845991369274487
-0.2197564350310794
-0.2901343894415762
0.42804249263026334
-0.2021580486042064
-0.5485366851842082
0.263283626360976
0.5130526563912106
-0.46070204957980304
0.2334458242826438
-0.023694430446970335
0.49513071907053696
-0.2779940730688819
0.1539502966063561
-0.42434350029462703
-0.6489457509711508
0.13478252936422003
0.729570709210273
0.3202118260410514
-0.17372904498584743
-0.03738309160881772
-2.0432998140754405E-4
-0.24575990074631696
0.22145212239913972
-0.06768999679712943
0.006643151272077297
-0.5366190244472044
-0.8318394173668768
0.5413063373851431
0.1583083753454292
-0.3187456851406247
0.061363706747393026
-0.23726372437894697
0.03621182482940895
0.04974545130090883
0.16121795639478576
-0.31329391690346386
0.1135295425331429
0.2948944355674245
0.030257542058126818
-0.4505054127226075
-0.20585375482433574
-0.7481290145286005
-0.25860036108202505
0.3854762089196135
0.6124354145852622
-0.07164951115144999
0.7373628859482338
-0.08025238997815463
-0.09612660029650114
0.2541151233949805
0.5214452447588307
-0.02438484387661148
0.35569768738011176
-0.7234602038462012
-0.2914212277796931
0.18899497304673651
-0.041504219045100356
0.31713350671645174
0.1356006847238441
-0.7750760212837338
0.5316882372781463
-0.18483398953621363
-0.12564306395731162
0.28118740934005304
-0.14327082160166918
0.17615953408331128
-0.6487809380688628
-0.1878870088287127
-0.29479169645537173
-0.23814994615458449
0.19401759747030975
-0.24772314575791657
0.1118332639319153
0.20766623174716534
0.3250137642382207
0.33470894074696234
0.07461030942774194
-0.14645521335479347
0.3409726896346904
-0.3602240246532224
0.15663902884740458
0.11223380124527024
0.02323609489338284
0.02034990119947172
0.12425860354608463
0.4976984135083466
-0.4261573833275199
0.19423210661413742
0.3734102739666064
0.5482232608947327
0.5157236003496253
-0.025663045199112947
-0.12053700765362711
0.3851505236233585
0.26171104843688314
0.1863205963014993
-0.3896238854011761
0.3232028400652635
0.1641446528288588
0.2998096817316517
0.1797067290253221
-0.426988762272437
-0.18525832951487056
-0.3759533225643837
-0.3101916379124556
0.21824312072817048
0.017508352227909484
0.44682378954811774
-0.09522675355726705
0.23469140796005108
0.3853196315672974
0.1600301034118502
0.28230307441956565
-0.30584300878022996
-0.11558805009037881
0.24889449956788504
-0.44719843302831874
-0.1346529007197729
-0.2394517827062573
0.145053551595445
-0.4497496602219558
0.45152618439553055
0.4100076439113722
0.4931734238257213
-0.3637637791643855
0.12495376815189797
0.19141641859717118
-0.3508487437096187
-0.42735118322777593
-0.33401877923231427
-0.07598471713423745
0.4469511421301517
-0.046418880774336056
-0.24462069698068908
0.479636983659707
-0.23220120149154336
0.3138460233494484
-0.45190638292910507
-0.48929635744963684
0.42251206816625536
-0.15416530189561947
0.21445495735800138
-0.30894013313685065
0.3554987287640594
-0.4060707526225604
0.06896574886742356
0.4589189497248412
-0.4334412135126548
-0.3484724617386395
0.31553950471231323
0.33940297405452446
0.034391645303984565
-0.4904188404793901
0.12811141317405655
0.32100412185282756
-0.46783270748650074
0.28677044535010665
-0.46977521761200924
-0.31319337838463696
0.42871587190455274
-0.04782397764846642
-0.5357046138190803
0.08318016525801303
-0.29581988758083766
0.14952880179366962
0.02051098222448166
0.4216513987223403
0.21636033089955642
0.19967837898729207
0.4240838077605544
-0.29085854436687525
-0.09048600557105811
-0.011233318608779418
-0.1842539730767136
0.45622693640330136
-0.15041258286174516
-0.024175352702409034
0.1046646043213268
0.31959636238810596
-0.24875020967709702
0.04656208842299965
0.20901000083591498
-0.28624648113711026
0.17972915429933625
0.22574896641498862
-0.5200010138489055
-0.29650809335031475
-0.5125679984970621
0.22458597485703485
-0.2308314709943839
0.5452020050421554
0.5191803992040362
0.14073093273158754
0.12742960961615063
0.6409442490660034
-0.16991567687281747
0.27560985005096644
-0.030858622300704484
-0.19089589071364954
0.44781473908431696
-0.04783989183398447
-0.37406281866756735
-0.6744784691961386
-0.3152998213787425
0.38411846176812237
-0.5246790080702103
0.2598987313834868
-0.3162945868824089
-0.31105241338953166
0.37375541384281735
0.38966811036724225
-0.19818943582382922
-0.13789415467994004
-0.4610147281703311
-0.3277031715325657
-0.15856012960384172
-0.2767763535587872
0.18376345636803995
0.08329990715948526
0.37607631265496033
-0.47177100530088073
0.15671359704641297
0.38908633741142423
0.578967490518518
0.668752222832752
0.4168557309710763
0.009886760398070163
0.27768377738911176
0.08222106650613767
-0.683570549633431
-0.7009222412682862
-0.046215146873327013
-0.5242455580245724
-0.059999546428290106
0.4636127617856517
-0.49476625599941254
0.09424681992777259
0.05769303048703959
0.2721768623829561
0.053682364128360444
0.23331942679177262
-0.14861519975827822
0.5886338512552255
-0.6008714274210532
-0.698597554782455
0.7125464711498638
-0.2369125860922169
0.5367728496684945
-0.15364954855247734
0.8769901390400334
-0.3928139639696763
0.12520550365921074
0.44304804121677366
0.34669600374844295
0.6294987229027726
0.09013128874454751
0.6395457366167561
-1.0472162072754794
-0.8997536487396213
-0.30972402288270146
-0.41643483080082455
0.010807495387875411
0.29229964287078475
-0.5101786800028447
0.011324266622705408
0.032431578286726916
0.4183195176350258
-0.02096443747130935
0.4815140751552885
-0.1846339305680818
0.6650583922033774
4.6002905321108895E-4
-0.6459533211773855
0.5957956625923296
-0.09125455953915944
0.11814110070799574
-0.43489197492410503
0.21913697709627547
-0.33737757360680587
0.1414602720260583
0.7344726148087282
0.31657162731718125
-0.1339850484797558
0.18342987602198024
0.416339355739913
-0.3138119058470771
-0.4921304520358921
-0.049670293276329554
0.2974210067656928
0.2346725785068545
0.4905189350510852
0.012825947549380648
-0.45152215235599086
0.3658504036569632
0.2603373419078783
-0.2548862041513789
-0.3207666940378877
-0.5517984857783506
-0.07657100637213705
-0.0049565606299923045
0.2166099457330827
0.4543546504063288
0.24483805335561964
-0.04383389074926818
-0.29089696803907317
0.4239678301367536
-0.37886524692097107
0.34386293963767633
0.35016645995506507
-0.2396640271135859
-0.37509642267267856
-0.6953413629341049
0.4811820337398992
-0.03600785925839082
-0.692248575214046
-0.1993904006157225
-0.0011702487742873773
0.04718516779965457
0.12734702554509364
0.2168883808166015
0.12121722681823469
0.7328122320431092
0.41931145814114895
-0.2591908324536847
-0.16808413027728422
0.4806634503990555
-0.5089945658849933
0.466291194331883
-0.32063198121646613
0.28562997944660906
0.4845679243510022
-0.01372805922097294
-0.05951784049021151
-0.44876497143254274
-0.27134224223383424
0.09071362902157723
-0.09374867444022561
-0.09704841612164739
-0.32380760836004324
0.22422017024865995
0.008402351560750334
0.3970839562329708
0.17520574801904765
0.4809361344748724
-0.282240058137006
0.15388057683504816
0.2830439454420662
-0.05768855936533212
-0.0839415122255384
0.0037081946022700938
-0.21208895015098309
-0.18835430833486141
-0.4759799152516732
0.09719919560162693
-0.28633793377278294
-0.11086975671937813
-0.16074337524271307
-0.30789766865685964
0.3254002867546184
-0.08315710441476712
-0.4552964124859192
0.37549126970210833
0.017715227333276667
-0.2786765139728702
-0.1902619614774891
0.4639998713707832
-0.06166606795617558
0.07250149488155383
-0.40409183466953913
0.2863399630629796
0.4170583280585418
0.12930768332368495
0.3845889650260925
-0.14450839711392857
-0.11783042267273432
-0.3736169670319937
0.3601023278809034
-0.14846087062807917
-0.43270422392053604
0.11179115901199958
0.43090560272972034
0.02924252733067954
0.39649392916117093
-0.1337624406375662
0.05432741055390098
0.16771594409016213
-0.008465583246103605
-0.23906286675032865
-0.11874777649859909
-0.4819788971858359
-0.4728076827019219
0.42564210749283776
-0.23292001350186267
-0.48298529548736524
-0.17117911419647566
-0.13987789036057305
0.39545481182775194
-0.09868203073088694
0.37986569009942345
0.4539411539371568
-0.31509485265936743
-0.41301906665804
-0.45146226632534936
-0.430872459509818
-0.19759127405675705
0.18771001415268915
0.4077317702844934
-0.21249290052505365
0.284719610978485
-0.32255940341927497
-0.03236001136214354
-0.467403773443478
0.26459258066560737
0.4961281973117898
-0.4972204457744238
-0.011219432650424264
0.2764766922328199
0.3576989642357829
-0.05818134033225918
0.18728454204090902
0.442640527846759
0.10238733723534588
-0.0515437915582229
-0.3527794611796671
0.10473997806019435
0.22724635068227622
0.4090386524462761
0.20276230870677253
0.12278232797455807
0.1268096864007014
-0.4584013601774388
-0.4869213589082491
0.13695642943208822
-0.34225415685414523
-0.2817518681538511
0.26581612966823615
0.05274311202198829
0.3742670309799216
0.41672714058246824
0.2958774179805824
-0.10323272559701904
-0.32823881999198096
0.4094093717635997
-0.33256392759045483
-0.023054414358060635
0.09923090518352527
0.4030401071457942
0.22822619203603733
-0.0399935822096203
0.3460892313997057
-0.11367613234566729
0.40929093386358384
0.10104581389423242
-0.29777900342385205
-0.09673428890678398
-0.3217224928662881
0.353518096355838
0.3820618868234101
-0.35456371464073766
-0.26651980055201835
0.4892704582716555
-0.3306955661869851
-0.2784355395673041
0.4389391706661421
-0.3560551523749173
-0.23199810018452702
-0.011746026707753755
0.3539668532909954
0.12778289097584833
0.21347437851013873
0.17229984502330933
-0.44031855721295465
-0.050421466930161606
-0.36417668835755357
0.35001426542740105
0.02365117719992859
-0.4034237187876745
0.4379901126716457
-0.41316601911085327
-0.2842016647262429
-0.3870502801304105
-0.41716571630120336
-0.2595729868395488
0.34408004132269665
-0.4575015503902147
-0.18374433121821301
-0.005905247288716016
0.18251215251956815
0.3899319203867714
-0.2724363761546742
0.24371058661997977
-0.08514875394336835
0.09266139200203462
0.198746560063562
0.2117019320655373
0.18815641591513946
0.0961652762063609
0.11936743674339657
0.4166852980249173
-0.2476664003589261
0.4294569159940104
0.07088515236619615
0.21825099684859603
-0.12586495070953874
0.3164030617675207
0.27924669801107777
-0.4855238077519429
0.04720572224297103
0.13101219959359822
0.23611991236226257
-0.3881776292403943
0.04656242015023871
-0.5395625368009003
0.3108392259784867
0.4846250650157202
-0.07229967917334718
-0.1613775972760573
-0.25718119180274973
0.03449701897560261
-0.06379174505956209
0.15226362248329672
-0.47526895686852694
0.5252608860652725
-0.09143287311523958
0.3589173345490101
-0.03833654364324977
0.12678680538119272
0.4969686826449074
-0.28320828789649877
0.30791423091128517
0.5765108835460828
-0.45955249781534946
-0.08101679358153237
-0.07292479304290811
0.286420015105253
-0.23710432334121145
0.2679400652169153
0.08380788004355054
-0.050927810372346186
0.4719325560292626
0.10079875268509
-0.18721824744918902
-0.2030246287385089
0.2984291261389578
-0.1528528544251296
-0.0067200147051110996
0.39429964322743405
0.46388914309397894
0.03534525214759471
-0.34369019977447607
-0.33879777031619035
0.2794656930030964
0.012976884129953091
0.1326732802452221
-0.20681939083547507
0.10669245119721422
0.2514885099937608
-0.25021150745808995
0.2547417043854977
-0.1663611428887568
-0.12566092952377422
0.3994312038403032
-0.4366539797841377
-0.36483020248524883
0.02897542438588531
0.05675861329726319
-0.24881389358017758
-0.3299994016429154
-0.289688548870603
0.35064673834059945
-0.29814630493509126
0.2690825783383662
0.5174787417994011
-0.25253927933080045
0.3229006396956921
-0.1758103379495788
-0.27208308517155244
-0.0955510230864897
-0.36537753819899155
-0.04148807938878406
0.44549234289669165
-0.3574255999535915
0.01875613109186856
0.04808619316456069
-0.22574392246651276
0.40757443343239097
-0.21916587465860776
-0.0013386529352828183
-0.24204569431172726
0.019593200789110157
-0.03516947586399451
-0.0016651628387551666
0.5059953789200498
-0.4976273862386539
0.4174373359656288
0.14525244305078303
0.3297806265166633
0.25101189404686597
0.1253944778618365
0.25938501643969086
-0.4281357969073535
-0.18107727107760943
-0.23193560913353758
0.4984262508076391
-0.1395889078215848
-0.3522970632478358
0.47894457125585793
0.4850114916474743
0.2809578331134028
-0.4295655640204954
-0.39019850777978154
0.2880861437378892
-0.026226867243900477
0.449213399107701
-0.10469809652943092
0.08400221016275605
-0.31211628617601883
-0.00851005554540886
-0.49924774409343164
-0.40030736513386517
0.20564437613379494
-0.1491108188129549
0.4244610963434331
0.04942417309507138
0.10398412560048745
0.3891985454187088
0.1705307144000983
0.4123820656196535
-0.09831492891222128
-0.4744024260072341
0.09826920096279083
0.4014642166338992
-0.46693593391516847
-0.06966062110044312
0.005767180389918056
-0.28356328192460406
0.19699301902820274
0.1591513397719545
0.4362487855774538
0.29910844447954893
0.34593613165379966
-0.055538854016921206
-0.1374860178747302
-0.1291041962119422
0.3912870451909824
-0.10361123502589285
0.46800346920201685
0.26600207769845596
0.14693103741116656
0.026952411982050097
0.2315192894796086
0.4423984656632994
0.010355062500226574
0.04142877321757324
0.3188996700652768
-0.07000464805108951
0.19917154117501917
-0.39897519994389735
0.4180813237652298
-0.30386387399272746
0.2194289509283573
0.2295419105057127
-0.30831502114947584
0.34812020046485226
0.37068977584618945
0.19585021976236142
0.47179734198597806
0.18048828018748836
-0.39861059626336365
0.46376737514626204
-0.2871931906373159
-0.1820190165804077
-0.4991894836151798
-0.2043928513392078
0.45559596679135006
0.12204604552786841
-0.4590143853061025
0.16081293058377716
0.2698848082596057
-0.42445691250659834
-0.05658288349269225
-0.10391999001853659
-0.31551671982260165
-0.423433592801803
-0.28905089846645016
0.45470575069578884
0.13993951542171104
-0.04304354065882549
0.42374422588254096
0.18491563574607953
-0.8655612874254187
-0.7799486041168986
-0.19708966212616702
0.05662886045417953
-0.24816515970655548
-0.4483728442741166
-1.170680769420499
-0.7553649458288452
-0.010387377346329722
-0.6768314920220825
-1.360813930398381
0.982339791317206
1.611536238487872
-0.7707176154522523
-1.593592602216493
-0.41632791250977136
-1.2058625375334975
0.31024643391841283
1.6215474490776074
-1.8218534027116142
-2.7574433769498237
0.9956427990078753
-0.9914388220081591
-0.2144371860488747
1.3534200306668163
0.7207372992204943
0.8744369767633008
-2.3496938747791978
0.3942608515179393
-0.235815740350703
-1.3650773431305718
1.8920656411231085
0.989178239896421
-1.20639773885618
-1.2838989869095285
-0.27815799262370283
1.1067520348146123
0.284039850136203
-0.4171670227857027
-0.7623985164453262
-1.3706802837035428
-0.9966519585239157
-1.0377204638821986
-2.013772672193645
0.7306853219700306
1.4213182098360588
0.024420935851965295
0.23664746893462982
1.585737674476085
0.265857909538438
0.3857869080302518
0.2368579023728678
-0.07529413250842458
1.7640099977125172
-0.6797906989606434
0.4017722078669374
-1.828449002588928
-0.9423235764845551
-2.5574798374827306
-0.10642643637744684
1.4456985163072913
-1.1251904199946057
-0.03741276956809763
0.03814326220392011
-1.1468608151428328
0.5252092059160358
1.2358326168571576
-0.273073954279792
-0.43618064987454935
-2.5082810015429176
-0.370718311082193
0.2419403795654644
-0.281260700889678
-0.49522909111178615
2.47371951145795
1.0721038187126342
-1.1920371282266717
0.17449172435233426
-1.256566592117987
-0.11815105046238718
0.28457968835736935
-0.2754617556649784
-2.0303259888512577
-0.8673065983704823
-0.5025908895011771
0.19962920641347703
-1.4652233315541345
0.62461095069055
0.20973615737432894
0.651853152385792
-1.62243360957588
2.0242451015168905
-0.7394088293141321
0.25815939253654036
-0.44795119718238446
0.5242365410718413
-1.493257887194212
1.5217150174325362
-1.5099589815658683
0.2135038381608951
1.052282410132631
0.18009010643591875
2.1865793547772023
1.1568064770252109
-2.078867346240175
-1.4566929049720647
-2.3597238385928048
-0.6346528216435393
0.5977270457429167
-0.9165193461444515
-1.2189758649018518
-0.4832519837039667
-1.05048179346974
1.5663827503558245
-0.7754014785719281
0.5467557686608064
-1.5979000191889128
1.5131192454176692
0.10612911846204083
-0.7012346569407549
1.9843366141668584
-2.124986883179437
0.35441502519227913
-1.4151609311826931
-1.3995803936806799
0.11742846170155231
-0.918410691751667
1.8190657350003667
-1.642363421160201
-0.5928884286802409
0.7546418818138713
-0.3136619897162666
-0.677180647839704
0.24337451808348756
-1.5581376758287486
0.2692763543027232
-0.5911256261644795
-1.3582054369249383
1.144364292934157
-0.520897182149277
-1.1287749726069043
0.19532006167475632
-0.8633478000011732
0.332509655295625
1.1029704592404912
-1.2526133774219754
-0.5836282673145095
2.555982045833807
-1.5502681670084741
-1.006302852575919
-1.3370061810642064
-1.732607010343929
-0.506640537215611
-0.26112385905346625
-0.14462645173112743
-0.852108774795716
-1.3160668120336056
-0.9086165466437355
0.26917870344563877
0.6650720965388691
-0.06789795591043611
0.22993869537500325
1.1370207375978958
-1.2664985165861964
0.8088543123495984
-1.460776892017207
-0.26761906296292004
-0.886726861750406
-1.66175169486936
0.3010502713892055
-0.16845060927670089
1.1740154318135658
0.22142209030362514
-1.4388098331551742
0.0803564393115565
0.6011953671903346
1.7683543766606544
-0.7750283200072421
-1.657400907394256
-2.4982253495513653
-0.21374872622187419
-1.2929578474595562
0.9526133806588606
-0.15866008968921633
-0.3804391026202884
-1.9705265067579796
-0.4607357800380956
1.3993171819138768
-1.398326309878356
-0.04768736327323247
0.3556483189282186
0.0056901437073183245
-0.5148523765726775
-0.0915350482425207
-1.2749696264839823
0.6288482441435835
0.898903547987098
-1.2455215801650745
-0.14125383365217775
-1.4300731837807392
0.3199523591423514
-3.104978506215044
0.40714085512637177
-1.8746579854876777
0.42271269257736266
-0.03179163069836283
-0.09851207840104759
-0.9312435723536768
0.944329866903616
0.42773722977037115
-1.2400283777109165
0.30473478133676996
-1.1621037570642099
1.2185502127035281
-2.1042532986155336
-1.461418644111555
-0.1496921837076962
-0.09787274594905203
-0.14323542637112896
0.33232918305128967
-2.3223537614168657
0.28431354890832905
1.4005015481498413
-0.7092724032750259
0.7456740947530505
-2.861112074817705
0.8707003652638845
-0.5875770534464689
0.05610734643157294
0.45833862262625996
1.3171663084376617
-1.2025098065707172
-1.3391754796257205
-1.6611348907996375
0.6748478650050747
-1.2974214786593667
1.604920490055839
0.24212956329622368
-1.5753359496905026
0.3433899449217621
0.21356678931830655
0.7772538326987978
-1.8368364714120455
-1.3901141537266348
-0.4653086029950764
-0.35069810241116417
-1.5953436917933537
0.6614498222092846
0.6880568808041487
1.4811865644943816
-0.6243275309336807
0.23923617113247778
-1.2577844552032706
1.131215155084481
0.41798474193595087
0.3906341903697829
-1.5234876347961128
0.14901598208768987
-1.1167338974872834
1.0273339283728185
0.1794898047807929
-0.9623586834204829
-1.6902280214134122
0.17377283591408754
-0.824805266742956
0.195422244549736
0.5128494537082875
-0.7011782241556554
-0.561666452857356
0.554856924217795
0.032867983278660216
-2.1394205120654837
0.3791496244601705
1.0401389810049035
0.013406404830242385
0.3917341047730452
0.9570290997012904
-2.377491517722182
-0.1701312028030879
-1.7225768792817475
0.5140739015649741
0.45783925167918127
-1.1824341750671916
-1.9071654100414992
0.0020560064470089186
0.27973785826990344
0.3475113852530923
-1.319034874079512
-0.43475928868772906
0.1595236853469686
